# mode	eigenvalue	frequency_thz
1	-4.588887841364967e-18	3.4093677854175105e-9im
2	-2.0028224936566285e-18	2.25237844151974e-9im
3	-8.584544161725429e-19	1.4746153530637436e-9im
4	-4.423942299125855e-19	1.0585828619760224e-9im
5	1.5927596281422598e-18	2.0086082920574205e-9
6	4.6289196148667735e-18	3.4242065304447346e-9
7	9.20029626336498e-5	0.015265851659721283
8	0.00017155084456452928	0.02084570377327638
9	0.00018927217117671791	0.021895935936154614
10	0.0002183523796398888	0.023517930161836155
11	0.00030774365556702994	0.027919953192675147
12	0.0003136544291262633	0.028186804547836373
13	0.0003270756280624195	0.028783541211644604
14	0.00036338702172419087	0.030339249815248694
15	0.0005114065108568883	0.03599177441455359
16	0.0005449646019484907	0.03715388893900548
17	0.0006048704155488731	0.039142747244803766
18	0.0006140872116704776	0.039439841267295155
19	0.0006436699138862912	0.0403786445947788
20	0.000689063439463428	0.041778201048878964
21	0.0007480987789264385	0.04353109629575408
22	0.0008039245544796984	0.04512609761744612
23	0.0008116991816947398	0.04534377627614654
24	0.0008264786743528397	0.045754725867804796
25	0.0008471725081989646	0.04632400061243374
26	0.0009265588106346307	0.048445855199433834
27	0.0009618839576721398	0.04936071847927189
28	0.0009768145683005808	0.049742338177224996
29	0.001008081468863015	0.050532169869402135
30	0.0010705134218531255	0.052073430615970404
31	0.0010925426814645256	0.05260649144925322
32	0.0011808997659038605	0.054692358260932404
33	0.001210364656590447	0.05537047491375165
34	0.0012603310292655997	0.05650182114553613
35	0.0013045019758343248	0.05748340723656229
36	0.001327686708287745	0.05799197979815868
37	0.0013799308922246734	0.059121956875840265
38	0.0014284462913033585	0.0601522794776682
39	0.0014947709462924624	0.061532910219830365
40	0.0015030747385290563	0.06170358815808256
41	0.001543348114850099	0.06252476665746586
42	0.001567232717791689	0.06300672068607593
43	0.0016398089904123723	0.06444908608997986
44	0.0017171859129489014	0.06595212454767044
45	0.0017460621968957094	0.06650433981398343
46	0.0018093125369733852	0.06769816982171979
47	0.0018273371951551397	0.06803454409172804
48	0.0018647546521438811	0.0687275688175908
49	0.0018932955467198872	0.06925152450392674
50	0.0019492147242347333	0.07026676723401803
51	0.0019925922637752617	0.0710443183428563
52	0.002033633333158946	0.07177223287619376
53	0.0021095006710772756	0.07309875254778948
54	0.002148793699319509	0.07377640562766138
55	0.0021869483643823778	0.07442852224122011
56	0.0022155921905037314	0.07491435498089395
57	0.002282399368619942	0.07603542030741557
58	0.0023315354272594934	0.07684951679672634
59	0.0023662418462848684	0.07741938141261304
60	0.002390818183782792	0.0778203906984233
61	0.0024868433490124963	0.07936780073526303
62	0.0025008383378188636	0.07959081300211558
63	0.0025569948643409312	0.08047946109286731
64	0.0026137933225790924	0.0813683957891012
65	0.002674216394940879	0.08230351914480806
66	0.002686119913589484	0.08248649118858699
67	0.0027202436932207393	0.08300878129571254
68	0.0027683107850287195	0.08373895830584023
69	0.002785652131462127	0.08400082905440306
70	0.0028106909064411303	0.08437750434680225
71	0.00284791415911537	0.08493439138727321
72	0.0029216142725231754	0.08602636461293339
73	0.002989390625879824	0.08701847457409899
74	0.0030370344513552094	0.08770916791878254
75	0.0030875185046075485	0.08843514989987934
76	0.003128460236163632	0.08901956164456606
77	0.003158344124906779	0.08944372046096444
78	0.003186638762237206	0.0898434765776022
79	0.0031885698239120163	0.08987069444438658
80	0.0032781144653347897	0.09112387692827431
81	0.003294085382701279	0.09134558419945067
82	0.0033028803965342076	0.09146744657548503
83	0.003330794605417969	0.09185315073625507
84	0.0033747172385648473	0.09245679331284365
85	0.0034743577584483167	0.09381178505451428
86	0.0034967607496887527	0.09411375274036334
87	0.0035181834132661308	0.0944016032472637
88	0.003573494796751658	0.095140780251128
89	0.00360017024394026	0.09549522377532933
90	0.003638999917756217	0.09600882499396177
91	0.0036903851848782807	0.09668430523580748
92	0.003696589744279234	0.09676554764738489
93	0.0037394865452193456	0.09732538249438794
94	0.0037453943961038043	0.09740223220642318
95	0.0038072656718605457	0.09820344500666207
96	0.0038129869085447464	0.09827720322129664
97	0.0038558089348509988	0.0988275170831502
98	0.0038905091294525285	0.09927121814802053
99	0.0039019093199349508	0.09941655683253942
100	0.003953043048386296	0.10006585341539193
101	0.003969999793447284	0.10028024210567635
102	0.004031042466057496	0.10104825507085938
103	0.004061462787374191	0.1014288195088397
104	0.004103989146231268	0.1019584520889708
105	0.004134213776634117	0.10233320983724994
106	0.004163105748741353	0.10269016533199071
107	0.0041878892172131565	0.10299537521142113
108	0.004239486311266958	0.10362791265406003
109	0.00426678212357257	0.10396098009033716
110	0.004319291354682837	0.10459872282965733
111	0.004348943511343355	0.10495714653076858
112	0.004388049969052009	0.10542798690335009
113	0.0044286539424634955	0.1059146424659704
114	0.004456843852818359	0.10625119936178214
115	0.004494893552608818	0.10670378803655757
116	0.004571980918821088	0.10761488261913649
117	0.004584417449766813	0.10776114820303766
118	0.004622157701206371	0.10820379954391836
119	0.004663353435615922	0.10868492190760089
120	0.004672930309062759	0.10879646480424054
121	0.0047349359934727485	0.10951590289715443
122	0.004784388672744132	0.11008632107293706
123	0.004796224680171801	0.11022240717947698
124	0.0048618735433878435	0.11097418419452999
125	0.004864985541683015	0.1110096948082157
126	0.00489253410947698	0.11132355401643758
127	0.004924229331050346	0.11168356465039485
128	0.004972388955897755	0.11222837594785844
129	0.004999191936785685	0.1125304452654259
130	0.005038542778626709	0.11297246548821457
131	0.005059793296935732	0.11321045071108285
132	0.005112198631023315	0.11379521260679443
133	0.0051285275604748375	0.11397680498123665
134	0.005179877637908057	0.11454598788005317
135	0.005211730817082245	0.11489764307792687
136	0.005239569883587431	0.11520410393788984
137	0.005267680392702412	0.1155127279375078
138	0.0052801424038976304	0.11564928429824888
139	0.0053126339376894155	0.11600456445881388
140	0.0053534939441127315	0.11644981142396052
141	0.0053940195569233814	0.1168897393151195
142	0.005418529510801581	0.11715500670320071
143	0.005430988953651603	0.11728962329662894
144	0.005507912326284669	0.11811733535876953
145	0.005534115676894394	0.11839796778136978
146	0.00555700393435539	0.11864255310897005
147	0.0055660416515920475	0.11873899196733466
148	0.005583462177619182	0.11892466069471272
149	0.005670041150454352	0.11984315592299491
150	0.005706403209009725	0.12022681976966561
151	0.005725471302956658	0.12042752276019389
152	0.005777157022773939	0.12096987102553504
153	0.0057920604663218266	0.12112580468035332
154	0.005808387527559131	0.12129640344514139
155	0.005848517294595312	0.12171469663169916
156	0.005868683929245573	0.1219243620384597
157	0.005910627884648803	0.12235928791360517
158	0.005947173640060842	0.12273698227772588
159	0.005972222417742542	0.12299518736012524
160	0.006013276537092924	0.12341720873904745
161	0.00603234074081253	0.1236126919256515
162	0.006071825023886171	0.12401658140163295
163	0.006096955819120571	0.12427296371514367
164	0.006138864276015295	0.124699337897248
165	0.00614532493178087	0.12476493860155398
166	0.0061990883119376694	0.12530951335452986
167	0.006215200625879282	0.12547225631651696
168	0.006215835948417856	0.12547866908741243
169	0.006261508573039651	0.12593882048699936
170	0.006320675917461136	0.1265324430332095
171	0.00636176694846217	0.12694307360955578
172	0.00639972568680464	0.1273212258224647
173	0.006425138255161635	0.12757376428008368
174	0.0064616734238580375	0.12793596052730694
175	0.006492308429646084	0.12823887621253868
176	0.006540021804971723	0.1287092411751608
177	0.006576099781602773	0.1290637646526292
178	0.006607124297039762	0.12936785289238806
179	0.006630966413226626	0.12960105766475136
180	0.006677005421692969	0.13005019153638625
181	0.006690066904496581	0.13017733074966173
182	0.006704815200479776	0.13032074014239967
183	0.006734854689071599	0.13061235096572033
184	0.006753956978683711	0.13079744985913783
185	0.006806246840823947	0.1313027976008624
186	0.006831872586519287	0.13154974507757397
187	0.006858023914279908	0.13180128040751618
188	0.006881628928874265	0.13202791264556993
189	0.006921380528041418	0.13240869191470525
190	0.006949439349398067	0.13267680852121258
191	0.006979816893489272	0.1329664722307387
192	0.007009405920657787	0.13324801168836325
193	0.007046744768567563	0.13360244393567944
194	0.007061040555107564	0.13373789543705314
195	0.007084306465428966	0.1339580453547287
196	0.007131514302004544	0.1344036337391094
197	0.0071503814361229085	0.13458130543026198
198	0.00717753141924049	0.13483656581940523
199	0.007193002625962771	0.1349818080573129
200	0.007208374168569302	0.13512596004734723
201	0.0072627837659753275	0.13563497409972086
202	0.007291330569044	0.13590127334193744
203	0.007328041876055159	0.13624297017819978
204	0.007377440554729355	0.13670140905587622
205	0.007433087836625468	0.13721600289184765
206	0.007458835501564462	0.13745345047262075
207	0.007492430587083708	0.1377626523866066
208	0.0075037714368565	0.13786687455899319
209	0.007557455034304742	0.1383591603096919
210	0.0075741517553333595	0.1385119147584668
211	0.007626530054149002	0.13899002234308744
212	0.007633284391008797	0.13905155607209757
213	0.007663633776741187	0.13932771130765356
214	0.007737722024468926	0.13999956736410915
215	0.007743042205066411	0.14004768843870863
216	0.007775840935386628	0.14034398879718563
217	0.007791526750891051	0.14048547194052088
218	0.007836513522250413	0.14089045620427845
219	0.007858722969922943	0.1410899636318074
220	0.007873162219584503	0.14121952019569667
221	0.007983737200222763	0.14220774445292003
222	0.00800980150794463	0.14243968634176277
223	0.00802322567497089	0.142558998514525
224	0.008044923530608475	0.14275163525464726
225	0.0080714317120731	0.1429866265633052
226	0.008089438629415932	0.14314603532911066
227	0.008142306662009673	0.14361303465030695
228	0.008184155469934506	0.14398162379390997
229	0.008227947878143994	0.144366323830136
230	0.008231517290242862	0.14439763461601418
231	0.008270612731857313	0.1447401353917394
232	0.008317887098216181	0.14515320927263714
233	0.008332857660067711	0.1452837741742821
234	0.008360041686930933	0.14552055862590776
235	0.008418969852111007	0.14603252983152673
236	0.008437309701366663	0.1461915016335489
237	0.008464930767423294	0.14643059833092992
238	0.008503236566423877	0.14676154077266046
239	0.008513743639123418	0.14685218614660736
240	0.008520583363894623	0.14691116295667922
241	0.008539600837261413	0.14707502039464707
242	0.008615628426207635	0.14772826999829794
243	0.008665258996050702	0.14815315541279248
244	0.008719893817411898	0.14861947745172893
245	0.008739703344455983	0.14878819575567762
246	0.008751629446314258	0.14888967850443252
247	0.008781670319749756	0.14914499920055294
248	0.00882217851404232	0.14948859234534187
249	0.008852434072693127	0.1497447076419557
250	0.008882024215581605	0.14999476715652732
251	0.008921406096709454	0.15032692920639237
252	0.008933140613226736	0.15042576083307346
253	0.00895587772904141	0.15061707509244365
254	0.008989909455354097	0.1509029710748514
255	0.009045127470570562	0.1513657013519529
256	0.00906544035715717	0.15153556905423252
257	0.009121631845816837	0.1520044847765349
258	0.009147051576691904	0.152216136866974
259	0.009159293035896127	0.15231795790752353
260	0.009207415773686445	0.15271757141856943
261	0.009227556722421728	0.15288451275110226
262	0.009266202797375733	0.15320432725811806
263	0.00928782004676091	0.15338292937286535
264	0.009292998614703701	0.1534256839282274
265	0.009313360778010166	0.15359367972366375
266	0.009340576715484114	0.15381793531980958
267	0.009364357220738823	0.15401361611744088
268	0.009409884679771933	0.1543875524469083
269	0.00944208533730547	0.15465148421195005
270	0.009459098668659394	0.15479075179330287
271	0.009526729627995537	0.15534313007682451
272	0.009532007843564226	0.15538615748609436
273	0.009578354749907975	0.1557634617731534
274	0.0095994920250363	0.1559352345268686
275	0.009619129944333775	0.15609465332820988
276	0.009633814584131147	0.15621375555567332
277	0.009665029591923528	0.15646662891255184
278	0.009679759878202679	0.15658581741109553
279	0.009760887192572289	0.15724063120680126
280	0.009774117453988684	0.15734715995527226
281	0.00981585311365082	0.1576827397242739
282	0.009823578550313086	0.1577447785716828
283	0.009841929929788329	0.15789205095220224
284	0.009851308057983935	0.157967258728286
285	0.009903637712141526	0.1583862601131995
286	0.009929109724524026	0.15858981289407295
287	0.009967889959426017	0.15889921408353772
288	0.010019928918640904	0.15931345348083664
289	0.010026071554455106	0.15936227890652338
290	0.010041662572520045	0.15948613873439726
291	0.010082713344528772	0.1598117995289373
292	0.010101234277998626	0.15995851131223565
293	0.01012471492361459	0.16014431776185367
294	0.010163361064929072	0.16044966291947518
295	0.010207815081518577	0.16080017932351548
296	0.010247706153282498	0.1611140680875097
297	0.010300770336562208	0.16153066607373973
298	0.01032871549542408	0.16174962750057395
299	0.010350240166137451	0.1619180799801184
300	0.01038581956340919	0.1621961414171142
301	0.010390001851105305	0.1622287956840485
302	0.010400969158178083	0.16231439450170745
303	0.01044632604635975	0.16266792247526282
304	0.010456903097947626	0.16275025341634836
305	0.010476004838122308	0.16289883443476663
306	0.010502577105465143	0.16310529911596894
307	0.010592284631867274	0.16380039810301278
308	0.010630108934006077	0.1640925973202853
309	0.010666760361180779	0.16437524036465295
310	0.010705592229453534	0.16467416894091919
311	0.010725988006087426	0.16483095893110164
312	0.010735712045779505	0.16490565879447464
313	0.010771051710497805	0.16517685285456968
314	0.010791651010065814	0.16533472519201478
315	0.010863545187719257	0.16588454248001216
316	0.010878766035670225	0.166000711721598
317	0.010884003044513837	0.16604066306315202
318	0.010914523769556954	0.1662733042017048
319	0.010951662836286138	0.16655595469749646
320	0.010968385148541607	0.16668306499756702
321	0.011003374666138642	0.16694871559992286
322	0.0110584478067857	0.16736599276867348
323	0.011093403501351838	0.16763030556610664
324	0.011108826042551664	0.1677467886352173
325	0.011135171202397617	0.16794558096872417
326	0.011152790884918506	0.16807840237266708
327	0.01120455368052166	0.16846799707117133
328	0.011216359315489166	0.16855672653411508
329	0.011231294729129404	0.16866891208700835
330	0.01126692040074153	0.1689362092182756
331	0.011294036445898565	0.16913937604780255
332	0.01131017099934134	0.16926014838455963
333	0.011376657956559162	0.16975691815438196
334	0.011388570579320623	0.1698457720617321
335	0.01142275977803646	0.17010052480612037
336	0.01143308310476774	0.17017737167853753
337	0.011464657230212522	0.17041219447418124
338	0.01150566550362082	0.17071669864299596
339	0.011533938037087335	0.17092631851026666
340	0.011556116201739889	0.17109057340143793
341	0.011568250116475111	0.17118037233258707
342	0.011605282957050237	0.1714541488356969
343	0.011639478988505153	0.17170656572354856
344	0.01165611483380628	0.17182922859924005
345	0.011696025239256558	0.1721231478884857
346	0.011740960178810671	0.172453470741078
347	0.011756085579370752	0.17256451737785605
348	0.01184709802715789	0.17323120354408306
349	0.011887022660024203	0.17352285197583917
350	0.011927715392529807	0.17381960779337394
351	0.011960759165400757	0.17406021058229704
352	0.011975867326393577	0.17417010744335007
353	0.012012938078364229	0.17443946697512294
354	0.012021850119909683	0.17450416070548055
355	0.012069654448253586	0.1748507703209849
356	0.012110533367340404	0.17514662255828684
357	0.012133448444386127	0.17531224703891413
358	0.012171628685071403	0.17558785732879198
359	0.012198376409076561	0.17578068272065092
360	0.012223315908688071	0.17596028218965248
361	0.012230093031888267	0.17600905534056027
362	0.012249208132083184	0.1761465488629366
363	0.012294584949009892	0.17647251201358818
364	0.012320855172163404	0.17666094856821235
365	0.012357682338170204	0.17692477229122794
366	0.01238085695569558	0.17709058993147092
367	0.012411625139625826	0.17731050099377013
368	0.012444950228047333	0.17754837987936484
369	0.01247268245995997	0.17774609352070814
370	0.012487099476706454	0.1778487910892806
371	0.012503296580462028	0.1779640981631831
372	0.012544564428609052	0.17825754658803905
373	0.01255917424639692	0.17836131872235172
374	0.012576787288785696	0.17848634226167306
375	0.012617925610427927	0.17877801587452904
376	0.012629002426039461	0.1788564700025184
377	0.01267322368991617	0.17916933507649735
378	0.012743819875202234	0.1796676733810549
379	0.012765406409027883	0.17981977696329476
380	0.012774307007381355	0.17988245513708206
381	0.012791205148930087	0.1800013921022167
382	0.012805881171747486	0.180104625034518
383	0.012845194072876613	0.1803808656724132
384	0.012892822683451117	0.18071497276301454
385	0.012962170909968583	0.181200337998178
386	0.012976067798310332	0.1812974454316977
387	0.01300354032795669	0.1814892626317571
388	0.013030857955454143	0.1816797974719572
389	0.01303539517110519	0.18171142427200462
390	0.013099980582654656	0.18216102346446808
391	0.013120805732152059	0.182305757422951
392	0.013148224050737232	0.1824961385944732
393	0.013152450305858869	0.1825254662538336
394	0.013172430146706883	0.18266405053893195
395	0.013199911181594779	0.18285449306450605
396	0.013215879783989594	0.18296506381351982
397	0.013237874734887462	0.1831172532498858
398	0.013284698684120015	0.18344082121163785
399	0.013307224487989013	0.18359627832443212
400	0.013341731669497968	0.1838341674620873
401	0.013387916888587906	0.1841520829454381
402	0.013402947137652227	0.184255425208588
403	0.013439030263408867	0.1845032827461577
404	0.013466757528305996	0.1846935172836243
405	0.01347063655475018	0.1847201153512184
406	0.013503253045401497	0.1849436118155268
407	0.013522032165942839	0.1850721686786373
408	0.013563994407670607	0.18535910881166398
409	0.013595021145779615	0.18557098605446268
410	0.01361628655057735	0.18571606490786602
411	0.013661743170862245	0.18602580393373827
412	0.01369197997990895	0.1862315506601247
413	0.01369597421193897	0.18625871246522585
414	0.013712111053558993	0.1863684068358893
415	0.013744284180450548	0.186586919555013
416	0.013765211399641195	0.18672891531446245
417	0.01380974005039948	0.1870306932152456
418	0.013846438224495723	0.18727903717589706
419	0.013902946273550291	0.18766079592170737
420	0.01395889877735923	0.18803803783771925
421	0.0139811465246814	0.1881878260573209
422	0.014000098470228803	0.1883153305365146
423	0.014031384670080407	0.18852562845703502
424	0.014069494178181378	0.18878147445359625
425	0.014107376915766804	0.1890354548549059
426	0.014133051075299734	0.1892073904424616
427	0.014178739243931524	0.1895129707465737
428	0.014204727938194894	0.1896865736229545
429	0.014241921732007447	0.1899347498305142
430	0.014266584083608019	0.19009913113844296
431	0.01428338152234475	0.1902110093264314
432	0.014311386854255337	0.19039739074746065
433	0.014340844016729276	0.1905932377281054
434	0.014362189471607075	0.1907350280796395
435	0.014365194105477676	0.19075497834407368
436	0.014413295971176625	0.1910740830471016
437	0.014450005923896172	0.19131725643247077
438	0.0144591871376553	0.19137802615501479
439	0.01447420146174044	0.191477363210903
440	0.014510125282673673	0.19171483177803245
441	0.014515736696389824	0.19175189855820168
442	0.014533901125622958	0.19187183648843045
443	0.014572110111627784	0.19212388224703092
444	0.014597920076889684	0.19229395085505466
445	0.014643386332596228	0.19259317461059017
446	0.01466009228532173	0.19270300355521297
447	0.01467667236701539	0.1928119431383003
448	0.014709499671513072	0.19302745387763678
449	0.014755849895074996	0.1933313333072482
450	0.014769147192487257	0.1934184243710932
451	0.014795095897452861	0.19358826339359142
452	0.014803789072251466	0.19364512850252458
453	0.01483066598130666	0.1938208342741713
454	0.0149130260313513	0.19435826774977183
455	0.014925546511563888	0.1944398389980194
456	0.014967076309411676	0.19471016202671904
457	0.014986832531985272	0.19483862628563908
458	0.015015457876538754	0.19502461162045215
459	0.01504155682975387	0.1951940279786259
460	0.015103414003350055	0.1955949759316765
461	0.015110627495228119	0.1956416790924199
462	0.015165501858914188	0.1959965943203013
463	0.015189969824738624	0.1961546406961724
464	0.015200107140686437	0.19622008354886378
465	0.01525505392537524	0.1965744210713119
466	0.01527308801554917	0.19669057909212528
467	0.015327980608958588	0.19704372222194658
468	0.015339044490207178	0.19711482340423808
469	0.015376022819001068	0.19735227590980334
470	0.015399377448819184	0.1975020981539616
471	0.015433774324600592	0.19772255076101328
472	0.015447272912565126	0.1978089972731396
473	0.015479452130079601	0.1980149244688753
474	0.015494314092991878	0.19810995962915498
475	0.015503361690039071	0.19816779237636437
476	0.015528407509539714	0.19832779870021047
477	0.015599557557471829	0.19878164129051448
478	0.015620562270172857	0.19891542542747292
479	0.015653154984178484	0.19912283842404974
480	0.015676840931016282	0.19927343522482704
481	0.015713221017975332	0.19950452080874692
482	0.015729269242244836	0.19960637377123103
483	0.015787074892697855	0.19997281783602205
484	0.015796856619543935	0.20003476017142668
485	0.015816765259204793	0.20016077150689715
486	0.015831992911188194	0.2002571011058682
487	0.01583644833502489	0.20028527720166772
488	0.015879596736542642	0.20055794285352546
489	0.01588876443553174	0.20061582812546797
490	0.015933216433275443	0.20089626357942225
491	0.015969273902254943	0.2011234530235298
492	0.015999468804890976	0.2013135065960817
493	0.016044110806007105	0.20159416521288737
494	0.016078853735576246	0.20181231953622167
495	0.016115754863410787	0.2020437674499529
496	0.016129177905973676	0.20212789250718527
497	0.0161564429549693	0.20229866066123048
498	0.01620113174613993	0.20257824694618778
499	0.016225843751061703	0.20273268699332503
500	0.016258632353902666	0.20293742108543666
501	0.01627564905118827	0.20304359303999042
502	0.01631840302604753	0.20331010244963368
503	0.01633753987697886	0.2034292800158965
504	0.016366052116669073	0.20360671480737969
505	0.01639595748922414	0.20379265322452977
506	0.016421348967478332	0.20395039316974667
507	0.016447245989552738	0.20411114814568967
508	0.01651100508972888	0.20450639228359813
509	0.01651322767611484	0.20452015637080662
510	0.01652967436221462	0.20462197903577997
511	0.016556439905551987	0.20478757828012156
512	0.0165737579722061	0.20489465437913906
513	0.016601136944416603	0.20506382211387944
514	0.016624233030246665	0.20520641853708715
515	0.016687346847604482	0.20559558209223625
516	0.016698813603441446	0.20566620774377095
517	0.016719712799187457	0.20579486701318916
518	0.016747697130745386	0.20596701781820054
519	0.016757833447553935	0.20602933776370833
520	0.016821317818960225	0.20641922345254005
521	0.016833749645396183	0.20649548662136355
522	0.016870087840146077	0.2067182423435645
523	0.01691060954260957	0.2069663605252511
524	0.01693850304817898	0.20713698236697936
525	0.016980115630918367	0.2073912615506593
526	0.01700376581522064	0.2075356402747883
527	0.017021892204697773	0.20764622959545112
528	0.0170814933592958	0.2080094424623965
529	0.017124676140979043	0.2082722051003991
530	0.017135200093009846	0.20833619200537584
531	0.017159162131478937	0.20848181084168013
532	0.017191685499085486	0.20867929486272188
533	0.017206768193590745	0.20877081456925614
534	0.017275870814382942	0.20918960777069578
535	0.017316120741964525	0.20943315462670878
536	0.01736369794036545	0.20972067305906145
537	0.017386814149376366	0.2098602266982091
538	0.017403991256474072	0.2099638656302699
539	0.017459671383748713	0.21029946333853383
540	0.01747269538284043	0.21037788490138398
541	0.017516105462592562	0.21063905970208927
542	0.017522023986188795	0.21067464315287243
543	0.017600995409716012	0.21114886270189032
544	0.01761689382527448	0.21124420318052797
545	0.017634294943880854	0.211348505851683
546	0.0176886372009813	0.2116739036137114
547	0.017713017755099765	0.21181973028053025
548	0.017749407539388858	0.21203720083175254
549	0.017773276375481463	0.21217972335902538
550	0.017789404442434265	0.21227597102725662
551	0.017810836957042758	0.21240380662619385
552	0.017868814913829825	0.2127492348976114
553	0.01790242734224399	0.2129492386118083
554	0.017930474140598233	0.21311598155825662
555	0.017959149699528807	0.21328632781984774
556	0.01796844246234774	0.21334150200579058
557	0.018022365540263062	0.2136613798283031
558	0.01805192399081997	0.21383652087537985
559	0.018067742760536878	0.21393019205312672
560	0.01814722611915474	0.21440023500764407
561	0.01818842949315201	0.21464349544525133
562	0.018230004813540937	0.21488867269773643
563	0.018267475586808926	0.21510940526001032
564	0.01828337930556955	0.21520302233369726
565	0.01832093928222316	0.2154239572422105
566	0.018379918385118776	0.2157704269978489
567	0.018387797819876896	0.21581667222029924
568	0.018458307737984216	0.21623006201112452
569	0.018469296535587695	0.21629441663354174
570	0.01850331750741653	0.21649353522734327
571	0.01854085338945997	0.21671301367294094
572	0.018575799151967203	0.21691714765262748
573	0.01862449072923405	0.2172012572519935
574	0.018636044470986126	0.21726861743381676
575	0.018673338836769523	0.21748590725319186
576	0.018734310025957362	0.21784067958077105
577	0.018762397224302365	0.21800391598495328
578	0.018794002581255426	0.21818745309756082
579	0.01882254716567441	0.21835308325330113
580	0.01884072482808131	0.21845849382208035
581	0.01887362549134321	0.21864915247182767
582	0.018882160983528407	0.218698588314912
583	0.018934252980135603	0.21900005273936424
584	0.018946360086883825	0.21907005902110463
585	0.018988426027070154	0.21931312097276523
586	0.0190057674952385	0.21941324363595913
587	0.01905020216435763	0.21966958327141992
588	0.019082151140472087	0.21985370935367274
589	0.01914240690117631	0.22020055209176356
590	0.019155288553770845	0.2202746302884934
591	0.019176422783995502	0.22039611244142726
592	0.019200980358198238	0.22053718834123165
593	0.019229704800659903	0.2207020872221717
594	0.019240763125841647	0.2207655370956836
595	0.019289433333451636	0.22104457795944085
596	0.01931978316034265	0.2212184044217215
597	0.019349714902448772	0.22138970265887542
598	0.019357516943424205	0.22143433167432175
599	0.01938430643893666	0.2215875037743319
600	0.019410102380527976	0.22173489511653807
601	0.01946136758118794	0.22202752077760599
602	0.019538721308389042	0.22246833316833436
603	0.019549732758981985	0.22253101265418954
604	0.01957947374180955	0.22270021639525742
605	0.019641902121131347	0.22305496926697926
606	0.01965505568287039	0.2231296432028192
607	0.019746068159367892	0.2236456459938819
608	0.019790938676092943	0.22389960544558954
609	0.01984316508925362	0.2241948357315735
610	0.019870014056231452	0.22434645884563215
611	0.01990267397821842	0.2245307599092787
612	0.019915343709782735	0.22460221492766366
613	0.019953656960370426	0.22481815662422422
614	0.019961448115965053	0.22486204387488515
615	0.020040808039326775	0.22530858796299713
616	0.020074247341160145	0.2254964801298618
617	0.020081478980212827	0.22553709341630654
618	0.020131490270234233	0.22581775967410267
619	0.020205017724154617	0.2262297677159897
620	0.020226826808222787	0.22635182980516927
621	0.020256389439983334	0.2265171823001805
622	0.020292464262444045	0.22671879602280431
623	0.020315440737757953	0.22684711274759134
624	0.020392347142011595	0.2272760848829065
625	0.020415731848301175	0.22740636075697684
626	0.020461788732214933	0.22766272501794868
627	0.020471014957457043	0.22771404582097748
628	0.020548616089067884	0.2281452445853212
629	0.02059219490439622	0.22838703784519848
630	0.02063000374418989	0.22859660969869652
631	0.02064489492432575	0.22867909778919698
632	0.020678832993019737	0.22886698297914462
633	0.02072005079500955	0.22909496242853256
634	0.02072139705938546	0.22910240491455672
635	0.020731735203077768	0.2291595487024963
636	0.02077916272521425	0.2294215205218891
637	0.020821237202932417	0.22965367398694247
638	0.02087491697220522	0.229949521460161
639	0.02093826866267286	0.23029818524341572
640	0.02094372489396034	0.23032818959415763
641	0.020963765111266398	0.23043835918784714
642	0.020980550380299254	0.23053059443023188
643	0.020997864735284564	0.23062569835536345
644	0.021047860097356562	0.2309000919737515
645	0.02109150809844869	0.23113938252033558
646	0.02111806985383764	0.23128488031926328
647	0.021147256145928828	0.2314446491190534
648	0.021205817034263025	0.23176488532329956
649	0.021250804066073672	0.23201059361967036
650	0.021271826353580478	0.23212532310822254
651	0.02131554812169518	0.23236375397325398
652	0.021332012923098415	0.23245347919470388
653	0.021377406359279958	0.23270067233862912
654	0.021391876150012284	0.23277941342602468
655	0.02143347896842012	0.23300565762465725
656	0.021471431917970893	0.23321186168248878
657	0.021486011427209722	0.23329102588344477
658	0.021553662426765888	0.23365800808350176
659	0.021561326030667852	0.23369954402397605
660	0.02161650253626926	0.23399837734155804
661	0.021670597739506754	0.234290984352929
662	0.02169128916436031	0.23440281000985835
663	0.021734979520189258	0.23463875703880338
664	0.021778844648060045	0.23487540946566815
665	0.021802936051235355	0.2350052812360172
666	0.021841828736959158	0.2352147923338745
667	0.021870278675046352	0.2353679312645018
668	0.021908788054354925	0.23557505908963894
669	0.021944061680449253	0.2357646233084994
670	0.02199273542519345	0.2360259511994092
671	0.022064184232224726	0.2364090344764863
672	0.022081928738032455	0.23650407806295795
673	0.022128139407428058	0.23675141379398737
674	0.022141317146913517	0.23682189834878722
675	0.022173871101324266	0.23699593175280498
676	0.022221704948951922	0.23725141984594547
677	0.022282170572091784	0.23757398306974836
678	0.022298489290702158	0.23766096277842433
679	0.022337099429299945	0.2378666303885109
680	0.022364236651383297	0.23801107797530027
681	0.022408137192458485	0.23824456889635456
682	0.022430340555261597	0.2383625733701299
683	0.022463305009152813	0.23853766226912457
684	0.022538960491510183	0.2389390171077595
685	0.022553897691212455	0.2390181797798834
686	0.022569757523490025	0.239102203439807
687	0.022595272155067417	0.23923731524698166
688	0.022637494686403144	0.23946073567059678
689	0.02265325740132378	0.23954409062059245
690	0.02275570973971199	0.2400851643816143
691	0.022782445728470865	0.2402261626194004
692	0.022806435158025943	0.24035260585606147
693	0.02287121583152711	0.24069371928815073
694	0.022889354881454337	0.24078914687958491
695	0.022906091669529585	0.24087716378782537
696	0.022954657235080493	0.2411323828297566
697	0.02300127561909609	0.24137711531003914
698	0.0230733539116245	0.24175501699717933
699	0.02308546862934987	0.24181847568331655
700	0.02311075649144649	0.24195088362064363
701	0.02312360504763312	0.24201813125847532
702	0.023158950048150696	0.24220302597218418
703	0.023211592036208373	0.24247814232134585
704	0.023251615690593808	0.2426871043227194
705	0.023289179385963966	0.2428830594267568
706	0.02330354253575653	0.2429579445911564
707	0.023361651972685554	0.2432606745104339
708	0.02340602951801222	0.24349161258409108
709	0.023440078690893724	0.24366865403923174
710	0.02345856927605009	0.2437647434734237
711	0.023503375794495313	0.24399743112950456
712	0.023566476405650728	0.2443247472384308
713	0.023600019481683224	0.24449856383487797
714	0.02363755554920398	0.24469292529027642
715	0.02365700686519868	0.24479358334345577
716	0.023680172333449743	0.2449134076826346
717	0.02371244948583356	0.24508026490285167
718	0.023784085539381078	0.24545018331290192
719	0.023798937810919532	0.24552680858034934
720	0.02383089323267892	0.24569159074048658
721	0.02388101628390462	0.24594983417880864
722	0.023902257561538503	0.2460591914913982
723	0.023941889657036145	0.2462631011501448
724	0.023975495903960736	0.24643587524145155
725	0.024018715646480365	0.24665789566275442
726	0.02406789336944315	0.24691027949501598
727	0.024103122314136933	0.2470909186508255
728	0.024151037205876105	0.24733639424552645
729	0.024217720489589534	0.24767761838590083
730	0.02423639225235142	0.24777307920135583
731	0.024268044399381815	0.2479348192610259
732	0.024335746925766764	0.2482804203008754
733	0.02434495489063923	0.248327387036313
734	0.02439604086093725	0.24858779822585883
735	0.024444525011903917	0.2488346945582924
736	0.024465857738653306	0.24894324984632843
737	0.024524037933734182	0.24923906956947148
738	0.024568652516485254	0.2494656767136435
739	0.024613558475569522	0.2496935561471515
740	0.024647260190561796	0.2498644420936782
741	0.024677948202635334	0.2500199453353371
742	0.02470745365920002	0.25016936515106486
743	0.02475067122969396	0.25038806410258346
744	0.024784268302706722	0.2505579474396754
745	0.024831603841245043	0.250797103940717
746	0.02484014655375264	0.2508402405688289
747	0.024865633262995557	0.25096889225029717
748	0.02487290749084965	0.2510055989649517
749	0.024923525544477288	0.25126087586307394
750	0.025024355887431307	0.25176861198717054
751	0.025077318140898638	0.25203489626881964
752	0.025099070061787375	0.2521441793826049
753	0.025145381924119168	0.2523766956639841
754	0.025166037118073182	0.252480329395745
755	0.025178539786022462	0.25254303862842375
756	0.025216555941378692	0.25273361946161105
757	0.02528111485740904	0.2530569344058654
758	0.025318774063881014	0.25324534336349946
759	0.02534735651249172	0.2533882478005592
760	0.02539851082978833	0.25364380442444295
761	0.025483658482560716	0.25406861484067883
762	0.025506135059720964	0.25418063435701294
763	0.025541633431679377	0.25435745184438696
764	0.025581864737393614	0.2545576956146994
765	0.025634450601848047	0.254819194621297
766	0.02566057724755498	0.2549490174802799
767	0.025718335658393855	0.2552357836942109
768	0.025767588472789406	0.255480065982354
769	0.025841436900898473	0.2558458996506804
770	0.025872976268886825	0.25600198147766634
771	0.025930278503604867	0.256285315179618
772	0.02595621904878225	0.256413476528207
773	0.026013625180775293	0.25669686865323893
774	0.02603056177564221	0.25678041839743676
775	0.026109418777539133	0.2571690696637112
776	0.026136036042063906	0.2573001218623815
777	0.02622514836457315	0.2577383884102603
778	0.026323309215672195	0.2582202958733521
779	0.026380756400207074	0.2585019083475432
780	0.026399031987593823	0.25859143300384535
781	0.026407582028518378	0.25863330553054525
782	0.026452688178202073	0.25885409392471154
783	0.026461383982335124	0.25889663704030236
784	0.02650770672308354	0.25912314744899434
785	0.02653573997726516	0.25926012922598324
786	0.026582910234775645	0.2594904589082356
787	0.026636068421972393	0.25974978253240105
788	0.02665227108787918	0.25982877315231995
789	0.026725031555138834	0.2601831965645195
790	0.026744347424296412	0.26027720500017176
791	0.02678848614415225	0.26049189646944176
792	0.02686203643310318	0.26084925375521845
793	0.026875480293478093	0.2609145202567573
794	0.02698047917390718	0.26142370235321166
795	0.02701451090164274	0.26158852330612564
796	0.027035599881631383	0.26169060842119335
797	0.027097612874457173	0.26199056334487786
798	0.027141383878314534	0.2622020757541897
799	0.027168676502445456	0.2623338742030296
800	0.027301683606742365	0.2629752316958623
801	0.027322352979325774	0.2630747586103481
802	0.02739350155461202	0.26341706486960353
803	0.02741748496658248	0.2635323523910369
804	0.02751385437079205	0.26399508955541867
805	0.02759719480204549	0.26439461244122014
806	0.027669944889643607	0.2647428737712213
807	0.027696454687869142	0.2648696647712348
808	0.027711508699236984	0.26494163804939824
809	0.02778885107634	0.26531110437034255
810	0.02788442223859968	0.26576694054067385
811	0.027918702701022504	0.2659302542210875
812	0.027976865794037287	0.266207116632627
813	0.02799958457947276	0.26631518225902545
814	0.02808521156616639	0.2667220875608562
815	0.02814003504336289	0.2669822868335884
816	0.02815127052957076	0.26703558059168214
817	0.02823641892586485	0.26743912337101206
818	0.02836810442013974	0.26806202260537043
819	0.02840738903179797	0.2682475667123936
820	0.028491829172833414	0.26864594994734226
821	0.02861578359998684	0.26922969125848795
822	0.028681358925784585	0.2695379952731843
823	0.02873281262128336	0.2697796594059676
824	0.028784565848887805	0.270022512184077
825	0.028807735833286177	0.27013116692141564
826	0.028878009599725828	0.27046044604018166
827	0.028956290333874316	0.27082677173486824
828	0.029109362625970775	0.2715416670308921
829	0.029208411183874062	0.27200325340356374
830	0.029243978256175075	0.27216881215297284
831	0.029264544079654956	0.27226449667229335
832	0.029329065754791092	0.27256447211743906
833	0.029389301432206815	0.2728442233473936
834	0.02945001939079289	0.2731259244376168
835	0.02951498510113024	0.2734270115892873
836	0.029590279463179603	0.2737755531705216
837	0.02969743400062933	0.2742708134820313
838	0.029876059135231805	0.275094423571083
839	0.02991924406493667	0.27529317206348297
840	0.030018619620238697	0.2757499806111858
841	0.030072577647094152	0.27599769760962967
842	0.03024477764886316	0.2767867713349547
843	0.030289596191185927	0.2769917751125463
844	0.03039878186531148	0.27749056564786967
845	0.03042355775634445	0.2776036240554646
846	0.030681034954032366	0.2787758408645186
847	0.030698916459685237	0.2788570670302018
848	0.030766699029048286	0.27916475258653334
849	0.03080968373416738	0.2793596975527565
850	0.030943714599446077	0.2799666850979792
851	0.03107934087672384	0.28057956115608174
852	0.03128475172341655	0.2815052430980926
853	0.03137006630469547	0.2818888189530035
854	0.03152195427770135	0.2825704212776028
855	0.03175416996337597	0.28360933021416435
856	0.031940004808467266	0.2844380026409193
857	0.032177512812273254	0.28549359388315054
858	0.032395454735294725	0.2864588024282962
859	0.03267111161693293	0.287674977234836
860	0.03273904274334044	0.2879738947899046
861	0.033645950560790616	0.29193524696278866
862	0.03370513083584921	0.2921918784073346
863	0.03393189801364129	0.29317316005909083
864	0.03406665462651838	0.2937547348846648
865	0.034455392427625166	0.29542601209248054
866	0.03517964026043691	0.2985147731909973
867	0.035952801483567186	0.3017772524077938
