# mode	eigenvalue	frequency_thz
1	-4.765189548468678e-18	3.4742432467294006e-9im
2	-1.6959998352040642e-18	2.072683712119809e-9im
3	-8.963070564774042e-19	1.506775463536737e-9im
4	2.6220734272577145e-19	8.149717530974359e-10
5	1.917781168337275e-18	2.204040936609777e-9
6	3.650091066282057e-18	3.0406888502682524e-9
7	9.200306348639588e-5	0.015265860026857488
8	0.00017155123834235015	0.020845727697877618
9	0.0001892726361965378	0.02189596283402837
10	0.00021835267001161284	0.02351794579926513
11	0.0003077437923483768	0.027919959397398317
12	0.0003136544931007599	0.028186807422395713
13	0.0003270752420035473	0.028783524224526364
14	0.00036338749687931467	0.030339269650636897
15	0.0005114091705895408	0.035991868007782396
16	0.0005449632751077862	0.037153843709166696
17	0.0006048767432613988	0.03914295198568537
18	0.0006140875806547629	0.039439853116328305
19	0.0006436702446298144	0.040378654968864315
20	0.0006890642872040185	0.04177822674830219
21	0.0007480999982803318	0.043531131772212274
22	0.0008039246451952698	0.045126100163480815
23	0.0008116961188339765	0.04534369072610081
24	0.000826475435955437	0.04575463622717936
25	0.0008471713548682929	0.04632396907994867
26	0.0009265596439694446	0.048445876985211585
27	0.0009618844487561638	0.04936073107967809
28	0.0009768123710451714	0.04974228223176379
29	0.0010080800426279133	0.05053213412289645
30	0.0010705086384653686	0.05207331427567815
31	0.0010925428435304041	0.05260649535103073
32	0.0011809022420891104	0.05469241560209874
33	0.001210365117824832	0.05537048546378067
34	0.0012603345032297655	0.056501899016017036
35	0.001304507040160578	0.057483518817246435
36	0.001327679373233331	0.057991819604148946
37	0.0013799334449450518	0.059122011560373805
38	0.0014284478209645778	0.060152311684894016
39	0.0014947691579262298	0.06153287341037402
40	0.0015030780028776843	0.061703655161375486
41	0.0015433499758668444	0.06252480435460027
42	0.0015672397266867449	0.06300686157357603
43	0.0016398124985933522	0.06444915503061209
44	0.0017171912068743055	0.06595222620974323
45	0.0017460761553846978	0.06650460564020697
46	0.0018093281234070457	0.06769846141610683
47	0.0018273446461357168	0.06803468279725847
48	0.0018647460375354871	0.06872741006700817
49	0.0018933034485136616	0.06925166901667733
50	0.0019492264823302618	0.07026697916606056
51	0.001992603556728371	0.07104451966327532
52	0.002033641799023809	0.07177238226728166
53	0.0021095154159984472	0.07309900801901908
54	0.002148797842848428	0.07377647675932074
55	0.002186950489247585	0.07442855839903287
56	0.002215593707573254	0.07491438062872431
57	0.002282401812680006	0.07603546101788174
58	0.0023315348512661202	0.07684950730409444
59	0.0023662490355908896	0.07741949902341497
60	0.0023908104877296862	0.07782026544625113
61	0.002486845332870177	0.07936783239274355
62	0.0025008483440585975	0.07959097222951282
63	0.002557015634215289	0.0804797879501724
64	0.0026137832091773336	0.08136823837189726
65	0.0026742459931215546	0.08230397461050896
66	0.0026861229998404066	0.08248653857551397
67	0.002720243864966355	0.08300878391613843
68	0.0027683063453994563	0.08373889115837962
69	0.0027856830982026753	0.08400129595129602
70	0.0028106754151932026	0.08437727182129803
71	0.002847903744586341	0.08493423608896647
72	0.002921624497321002	0.0860265151463944
73	0.0029893933548256206	0.08701851429266975
74	0.0030370370340729804	0.08770920521305466
75	0.00308753022307586	0.08843531772454451
76	0.0031284801326267432	0.08901984471858246
77	0.003158346859048128	0.08944375917614428
78	0.003186647346268943	0.0898435975857855
79	0.0031885725992774985	0.08987073355658778
80	0.0032781327233688583	0.09112413069313678
81	0.0032941119119496132	0.09134595202914036
82	0.0033028834959833754	0.09146748949236373
83	0.003330800934418933	0.0918532380034799
84	0.003374715824524376	0.0924567739426784
85	0.003474379333861772	0.09381207633495343
86	0.003496777619672839	0.09411397976413044
87	0.0035181859663350776	0.09440163749984944
88	0.0035735113407480727	0.09514100048468017
89	0.003600189163650546	0.09549547469951782
90	0.0036390060981011272	0.09600890652287279
91	0.00369039643207407	0.09668445256818985
92	0.003696632766765262	0.0967661107450772
93	0.003739489135152362	0.09732541619770184
94	0.003745416634695147	0.09740252137292921
95	0.00380732867507637	0.09820425754612969
96	0.003813001707618467	0.09827739393925598
97	0.0038558258863091084	0.09882773432273635
98	0.003890565268901474	0.09927193437964899
99	0.003901917795137876	0.0994166648021213
100	0.003953219760344507	0.1000680900006096
101	0.003970003468038756	0.10028028851485223
102	0.004031050498567933	0.10104835574838461
103	0.004061468776638178	0.1014288942951647
104	0.004104035488009763	0.10195902773896592
105	0.004134317488166435	0.10233449340264025
106	0.004163163877135288	0.10269088224790726
107	0.004187909888653139	0.10299562940392475
108	0.004239532168998497	0.10362847311443173
109	0.004266759727696011	0.10396070725002508
110	0.004319318858196549	0.10459905585046929
111	0.004349004503151435	0.10495788251453989
112	0.0043880716595775205	0.10542824747303703
113	0.004428670094375355	0.1059148356084503
114	0.004456862908064883	0.10625142650016751
115	0.004494912979724655	0.10670401862540091
116	0.004572005497877833	0.10761517188857991
117	0.004584441938426219	0.1077614360174176
118	0.004622193225952403	0.10820421535676607
119	0.004663362895144536	0.10868503214025015
120	0.004672929809164054	0.10879645898484995
121	0.0047349450926064745	0.10951600812554277
122	0.004784427398202754	0.11008676659847194
123	0.004796275470363398	0.11022299078457595
124	0.004861894048625419	0.11097441821435713
125	0.004864989109392973	0.11100973551237786
126	0.00489254846897442	0.11132371738260737
127	0.004924230610941759	0.11168357916462812
128	0.0049724706945530155	0.11222929837759135
129	0.004999205001775375	0.11253059231000481
130	0.005038541115048454	0.11297244683812456
131	0.005059813943620924	0.11321068169069157
132	0.005112241879513978	0.1137956939516263
133	0.005128534309766239	0.1139768799796068
134	0.005179909235437773	0.11454633724783647
135	0.005211746641159037	0.114897817506328
136	0.005239572232565468	0.11520412976175377
137	0.005267752133897566	0.11551351452594186
138	0.005280165924610979	0.11564954188132408
139	0.00531264060140954	0.11600463721196394
140	0.005353524726184483	0.11645014621104867
141	0.005394027822131669	0.1168898288696402
142	0.005418558641117925	0.11715532161869699
143	0.005431010964266802	0.11728986097103516
144	0.00550791877944209	0.11811740455282083
145	0.005534115530480373	0.11839796621516449
146	0.005557037030537907	0.11864290641173825
147	0.005566052704670051	0.11873910986356781
148	0.00558346330617851	0.1189246727135573
149	0.005670058622504235	0.11984334056927258
150	0.005706435157144854	0.12022715632293457
151	0.005725477984233851	0.12042759302597496
152	0.005777192939638924	0.12097024706272382
153	0.005792056797914344	0.12112576632277045
154	0.005808412688563595	0.12129666616315296
155	0.005848524322212608	0.12171476975827188
156	0.005868706418624541	0.12192459565136078
157	0.005910637151881135	0.12235938383670562
158	0.005947202913441955	0.12273728434743622
159	0.005972236971394573	0.1229953372229353
160	0.006013301257931551	0.12341746242551493
161	0.006032394346476609	0.12361324115902567
162	0.00607181201809139	0.1240164485803589
163	0.006096948440683253	0.1242728885185556
164	0.006138859170926968	0.12469928604716321
165	0.006145376388852283	0.12476546095187617
166	0.0061991406009001574	0.12531004184277655
167	0.006215222307028192	0.12547247516547005
168	0.006215938972718328	0.1254797089554727
169	0.006261519823803321	0.12593893363124034
170	0.006320724436069047	0.12653292867479995
171	0.006361831215780741	0.1269437148048726
172	0.006399737708045095	0.1273213454024613
173	0.006425137516880269	0.12757375695064327
174	0.006461693425887178	0.1279361585392353
175	0.006492315898766616	0.12823894997916255
176	0.006540033056311597	0.12870935188968421
177	0.006576145971030187	0.12906421791300535
178	0.006607126999682231	0.12936787935132857
179	0.006630989334305829	0.12960128165876333
180	0.006677016802594016	0.13005030237108206
181	0.0066900826112066625	0.13017748356251266
182	0.006704809516717028	0.13032068490505883
183	0.006734857483555323	0.13061237806311649
184	0.00675392739817255	0.13079716343003606
185	0.00680620331654979	0.13130237777564663
186	0.006831874840491739	0.1315497667780282
187	0.00685802776134032	0.13180131737497383
188	0.006881629278055952	0.1320279159951932
189	0.006921378529203852	0.13240867279543525
190	0.006949430106753264	0.13267672029215116
191	0.0069798096349673495	0.13296640309280006
192	0.007009409842474464	0.13324804896500317
193	0.007046753081675198	0.13360252274165338
194	0.007061068798677979	0.13373816290697207
195	0.007084458251323863	0.13395948041636682
196	0.007131513226673521	0.13440362360602992
197	0.007150414900260239	0.1345816203534628
198	0.0071775565903787345	0.13483680225075362
199	0.007193043569650363	0.13498219222546926
200	0.007208373125000761	0.13512595026613977
201	0.00726278605758067	0.13563499549797645
202	0.00729134002351049	0.13590136145161827
203	0.00732806926304648	0.1362432247674624
204	0.007377461988075505	0.13670160763195893
205	0.007433097467498565	0.13721609178555585
206	0.007458825276222037	0.137453356254892
207	0.007492507172015604	0.13776335646496057
208	0.007503811970564037	0.13786724692161595
209	0.007557479352612331	0.1383593829149139
210	0.007574268688584152	0.13851298395977651
211	0.007626547592134268	0.1389901821538759
212	0.007633581074885078	0.13905425831347187
213	0.007663645197556699	0.13932781512495093
214	0.00773776881227756	0.13999999063229093
215	0.007743099142808676	0.14004820335160195
216	0.007775845644535358	0.14034403129423656
217	0.007791601770354304	0.1404861482597885
218	0.007836526996772683	0.1408905773315354
219	0.007858746549558362	0.1410901752977117
220	0.007873211982778405	0.14121996649180146
221	0.007983747749014766	0.142207838401367
222	0.008009880962301626	0.14244039281530096
223	0.008023291654686213	0.1425595846866696
224	0.008044941317879757	0.142751793066008
225	0.008071464104779588	0.14298691348385068
226	0.008089446082255572	0.14314610126966903
227	0.008142343874459989	0.14361336282431417
228	0.0081841736535074	0.1439817837431501
229	0.008227972665788967	0.14436654129009924
230	0.008231505210227395	0.14439752866189673
231	0.008270647362829234	0.14474043842166479
232	0.008317901889726238	0.14515333833391045
233	0.008332876748459745	0.14528394057770347
234	0.008360074702113408	0.145520845967959
235	0.008418983688410398	0.1460326498313016
236	0.008437291730532228	0.14619134594502
237	0.008464950740461712	0.1464307710826228
238	0.008503218553834933	0.14676138532851363
239	0.008513738909460323	0.14685214535600505
240	0.008520595183211327	0.14691126485046316
241	0.008539600744273955	0.14707501959389932
242	0.008615621901313734	0.1477282140585903
243	0.00866523943232501	0.14815298816855144
244	0.008719905981875636	0.14861958111558377
245	0.008739739154714259	0.14878850057942566
246	0.008751626859302242	0.14888965649827823
247	0.008781700076232404	0.149145251887494
248	0.008822203741654957	0.14948880608152953
249	0.008852503115822781	0.1497452915956469
250	0.008882147871927072	0.14999581127325903
251	0.008921401580947662	0.15032689116078155
252	0.008933208770376485	0.15042633468341318
253	0.008955881801853933	0.1506171093400662
254	0.008989917762935725	0.15090304079960598
255	0.00904515734598373	0.15136595132682323
256	0.009065458092284819	0.15153571728207585
257	0.00912166258239953	0.15200474087624155
258	0.009147051416846548	0.15221613553698027
259	0.009159300595956698	0.1523180207689663
260	0.009207426070986076	0.15271765681593774
261	0.009227560731884396	0.15288454596599857
262	0.009266214528760537	0.15320442423950228
263	0.009287845836363755	0.15338314232283995
264	0.009293003356502325	0.1534257230713304
265	0.009313370068170186	0.15359375632917385
266	0.0093405580940164	0.15381778199324148
267	0.009364361050848395	0.15401364761394143
268	0.00940989755196773	0.15438765804363938
269	0.009442094158943993	0.15465155645654027
270	0.009459103241341745	0.15479078920748357
271	0.009526758897165657	0.15534336870861037
272	0.009532006713178932	0.15538614827259836
273	0.009578353422089436	0.15576345097664268
274	0.009599492917502173	0.15593524177552673
275	0.009619148789706902	0.15609480623499883
276	0.009633811903888267	0.15621373382540066
277	0.00966504931738327	0.15646678857965815
278	0.009679752722351305	0.15658575953233317
279	0.009760890203888296	0.15724065546182972
280	0.009774113990969332	0.15734713208082166
281	0.009815856302242557	0.1576827653351828
282	0.009823571926141935	0.15774472538696083
283	0.009841938586378395	0.15789212039013104
284	0.009851308965026657	0.15796726600057148
285	0.009903638735240633	0.15838626829427607
286	0.009929103933204881	0.15858976664398716
287	0.00996789616531989	0.15889926354794343
288	0.010019932423456297	0.15931348134351908
289	0.010026078975898823	0.15936233788764864
290	0.010041669487241599	0.1594861936457251
291	0.010082723418953572	0.15981187936913008
292	0.010101280772136813	0.15995887944173184
293	0.010124716378257336	0.16014432926601768
294	0.01016341764829441	0.1604501095615457
295	0.01020783362259092	0.1608003253589981
296	0.010247715447617165	0.161114141150091
297	0.010300766482677224	0.16153063585654984
298	0.010328733728843865	0.1617497702699027
299	0.010350259641610335	0.16191823231618221
300	0.010385851617888664	0.16219639171555442
301	0.01039002258001253	0.16222895751385497
302	0.010400977883800358	0.1623144625864108
303	0.010446321153432733	0.16266788437945945
304	0.01045690500928255	0.1627502682902659
305	0.010476004679693477	0.1628988332030055
306	0.010502582924914239	0.16310534430406154
307	0.010592296003766755	0.16380048603121838
308	0.010630085270154856	0.16409241467563912
309	0.010666766432826555	0.16437528714680882
310	0.010705196938400162	0.16467112871553038
311	0.010726004457418548	0.1648310853384612
312	0.010735598684522386	0.16490478815068055
313	0.010770891017683564	0.16517562071712183
314	0.0107917125256676	0.16533519641975428
315	0.010863634488997102	0.1658852242864998
316	0.010878779975985695	0.16600081808023928
317	0.01088398920720683	0.16604055751575594
318	0.010914498089497623	0.1662731085948731
319	0.010951671581902061	0.16655602120037097
320	0.010968185925306278	0.16668155122458114
321	0.01100318777755394	0.16694729781026255
322	0.011058294334913505	0.1673648313913346
323	0.01109342642527826	0.16763047876555826
324	0.01110873063112937	0.16774606826233568
325	0.011134999570264854	0.1679442866478377
326	0.01115279882253276	0.16807846218465938
327	0.011204553735400318	0.16846799748374008
328	0.011216342372678465	0.1685565992278427
329	0.011231054772193935	0.1686671102693012
330	0.011266893958665616	0.16893601098191058
331	0.011294008855017504	0.16913916944729795
332	0.0113099463093441	0.16925846709914139
333	0.011376660042184785	0.16975693371472328
334	0.011388349250597216	0.16984412163816537
335	0.011422768928566985	0.17010059293806762
336	0.011432954103669998	0.1701764116081225
337	0.011464636736610663	0.17041204216429723
338	0.011505628924671779	0.1707164272704977
339	0.011533898974561429	0.17092602906795404
340	0.01155607316433549	0.1710902548125226
341	0.011568255552935208	0.17118041255540145
342	0.011605240107545486	0.1714538323103621
343	0.011639400876257245	0.17170598956338087
344	0.011656056784360814	0.17182880072923376
345	0.011695998687213764	0.17212295251340362
346	0.011740963190673245	0.17245349286048361
347	0.01175610192535522	0.172564637347038
348	0.01184708634234123	0.1732311181149194
349	0.011886845134426186	0.17352155624081952
350	0.011927701678340211	0.17381950786662084
351	0.011960788022215913	0.17406042055309504
352	0.01197586471406057	0.17417008844721674
353	0.012012938610846279	0.1744394708411998
354	0.012021823385710026	0.17450396667412846
355	0.012069637948637356	0.1748506508075553
356	0.012110556169166425	0.1751467874420626
357	0.012133427976765403	0.175312099173857
358	0.01217163842652655	0.17558792759387065
359	0.012198410898237507	0.1757809312178185
360	0.012223319699350395	0.17596030947381847
361	0.012230100438842572	0.17600910863904415
362	0.012249288245858742	0.17614712488964196
363	0.012294573641476268	0.17647243086122189
364	0.012320855150399606	0.17666094841218372
365	0.012357742636673956	0.17692520393713612
366	0.012380827500311234	0.17709037927260812
367	0.012411642772971288	0.17731062694730854
368	0.012444955446203786	0.17754841710229904
369	0.01247264945833322	0.17774585837024498
370	0.012487114554380965	0.17784889846190866
371	0.012503322621429318	0.17796428348850174
372	0.0125445703285237	0.1782575885067598
373	0.012559069776266004	0.17836057689535334
374	0.012576792680256531	0.17848638051881233
375	0.012617861985690239	0.17877756513805085
376	0.012628915724410507	0.17885585605165394
377	0.012673188692565725	0.17916908768654785
378	0.01274384677945589	0.17966786303463422
379	0.01276527335616606	0.17981883983691138
380	0.012774165091041283	0.17988145593099739
381	0.012790668212123109	0.1799976141006177
382	0.012805872353557483	0.1801045630240614
383	0.012845014906384376	0.18037960767975533
384	0.01289255659525044	0.1807131079126545
385	0.012962163954808053	0.18120028938449992
386	0.012976050464447391	0.18129732434007853
387	0.01300355278002439	0.1814893495279403
388	0.013030661432405553	0.18167842747765572
389	0.013035381158064463	0.1817113266021511
390	0.013099918376846134	0.18216059096431564
391	0.013120645649609802	0.18230464529391227
392	0.01314825223735117	0.1824963342081708
393	0.013152359691479676	0.18252483749417608
394	0.013172398421169691	0.18266383056742502
395	0.013199835459007154	0.1828539685823697
396	0.013215785933247211	0.1829644141618192
397	0.013237831408900873	0.18311695358916577
398	0.013284718751076126	0.18344095975815686
399	0.013307194406516355	0.18359607081122933
400	0.013341738594192474	0.18383421516936083
401	0.013387891730357154	0.18415190991841637
402	0.013402872143154615	0.1842549097188889
403	0.013439043793762104	0.1845033756246583
404	0.013466748121202096	0.18469345277546761
405	0.013470643197193237	0.1847201608944521
406	0.01350324813044961	0.18494357815737664
407	0.01352197309277068	0.1850717644194295
408	0.013563965252906434	0.18535890960397317
409	0.013595009556056198	0.18557090695503217
410	0.013616336491624829	0.18571640548700544
411	0.013661691900342478	0.18602545486962227
412	0.01369197836541422	0.18623153968034434
413	0.013695927358901423	0.18625839387547907
414	0.013712083963769172	0.1863682227401128
415	0.0137443064450777	0.18658707068280034
416	0.013765065152357361	0.1867279233693183
417	0.013809729976031257	0.187030624994685
418	0.013846432053982165	0.18727899544646645
419	0.013902943690629915	0.1876607784896859
420	0.013958891672130954	0.1880379899810303
421	0.013981121224561384	0.18818765578599406
422	0.014000085569461184	0.18831524377237924
423	0.014031429642808306	0.18852593058348927
424	0.014069454443242816	0.1887812078759393
425	0.014107369775736706	0.18903540701755753
426	0.01413298269963518	0.18920693274947517
427	0.014178685724910205	0.18951261307872613
428	0.014204746534377692	0.18968669778742486
429	0.01424196707574314	0.18993505218943746
430	0.014266588672927866	0.1900991617142851
431	0.014283357306554424	0.1902108480861864
432	0.014311413873069275	0.190397570475299
433	0.014340720025653644	0.190592413790839
434	0.01436217999081273	0.19073496512545418
435	0.014365166788229588	0.1907547969715316
436	0.014413260383289894	0.19107384715632977
437	0.01445004647303888	0.19131752486645384
438	0.014459194904934873	0.19137807755785022
439	0.014474216942498036	0.1914774656073585
440	0.014510163459143379	0.1917150839809084
441	0.01451571926491418	0.19175178342386084
442	0.014533895182544922	0.1918717972591346
443	0.014571979127191085	0.19212301877239163
444	0.01459793557678725	0.1922940529427402
445	0.014643469684920378	0.19259372274424966
446	0.014660051374023531	0.19270273467097304
447	0.01467664624175899	0.19281177153047369
448	0.014709517882295702	0.19302757336436285
449	0.014755749174672752	0.19333067348612556
450	0.014769134626144209	0.19341834208594977
451	0.014795106701364007	0.1935883340761348
452	0.014803773273706694	0.19364502517384183
453	0.01483060931684314	0.1938204640020575
454	0.014912943464849653	0.19435772971327903
455	0.014925497203367555	0.19443951782098015
456	0.014967043331822916	0.19470994752005605
457	0.014986832270746816	0.19483862458750364
458	0.015015257043459497	0.1950233073803626
459	0.015041545553065808	0.19519395480991725
460	0.01510334684885353	0.19559454109301255
461	0.015110640347436215	0.1956417622930361
462	0.015165447399334729	0.1959962424064054
463	0.015189969028590978	0.1961546355556731
464	0.015199943088219346	0.19621902465910207
465	0.01525502446125025	0.1965742312359912
466	0.015273012950017052	0.19669009573535068
467	0.015327919819633821	0.19704333149315442
468	0.015338943559765991	0.1971141748984322
469	0.015376061293928175	0.19735252282377355
470	0.015399321150978336	0.19750173713443706
471	0.01543373702405404	0.19772231183165256
472	0.015447223716599462	0.19780868228510123
473	0.015479467125254812	0.1980150203788514
474	0.015494294409772258	0.1981098337945082
475	0.015503351960205317	0.19816773019178735
476	0.015528371900102473	0.19832757129938572
477	0.015599558430411374	0.1987816468523502
478	0.015620571905758369	0.1989154867782189
479	0.015653124713832657	0.19912264589033685
480	0.01567546332213395	0.19926467941468776
481	0.01571301427770443	0.1995032083549127
482	0.015729149468695112	0.19960561379919806
483	0.015787049617441692	0.19997265775677198
484	0.015796551445960896	0.20003282796362123
485	0.015816416394625703	0.20015856405843316
486	0.01583187181089423	0.20025633521239153
487	0.015836376445866995	0.20028482260616903
488	0.01587960204043235	0.2005579763473584
489	0.015888621751727467	0.2006149273413342
490	0.01593289651330334	0.20089424669068126
491	0.015969198889375074	0.201122980651798
492	0.015999473921856827	0.20131353878822097
493	0.016044055940346014	0.20159382051922575
494	0.016078869701295496	0.20181241973235775
495	0.01611557901335459	0.2020426651278748
496	0.016129198834324766	0.20212802364226704
497	0.01615629180842348	0.20229771438811264
498	0.016201140315907886	0.20257830052418363
499	0.01622578589150565	0.20273232553188414
500	0.016258589865587494	0.20293715591938352
501	0.016275649721861966	0.2030435972234179
502	0.01631818391530204	0.20330873750057646
503	0.016337554360065107	0.2034293701850155
504	0.016366198037773807	0.20360762249270045
505	0.016395951651214755	0.20379261694291798
506	0.016421327508280986	0.20395025990989163
507	0.016447236829335035	0.2041110913063011
508	0.01651098696760596	0.2045062800526656
509	0.016513249516450605	0.20452029161957497
510	0.016529689232618966	0.2046220710766398
511	0.01655645951885893	0.2047876995791588
512	0.01657377603149157	0.20489476600892317
513	0.016601126490879334	0.20506375755075193
514	0.01662424184983584	0.2052064729707583
515	0.01668733256244208	0.20559549409242012
516	0.016698835584272625	0.20566634310406695
517	0.016719737205932866	0.20579501721855314
518	0.016747696529357894	0.2059670141201999
519	0.01675781707792554	0.20602923713541016
520	0.016821388162604353	0.20641965505562168
521	0.016833787663999393	0.2064957198036819
522	0.016869897348038076	0.2067170752392411
523	0.01691062686040175	0.20696646650012723
524	0.016938178298815	0.2071349967155463
525	0.01698012378239598	0.20739131133079802
526	0.017003786153632294	0.20753576439270627
527	0.017021602948546946	0.2076444653026348
528	0.01708151054199081	0.20800954708328165
529	0.01712468841011411	0.20827227970967452
530	0.0171348514968611	0.20833407281321126
531	0.017158833865486122	0.20847981663545337
532	0.017191509297176367	0.20867822545668932
533	0.017206755195859867	0.2087707357180929
534	0.017275910222981288	0.2091898463654566
535	0.017316105382659288	0.2094330617436517
536	0.017363730659647338	0.20972087065252945
537	0.017386780367624536	0.2098600228238972
538	0.017403954301843643	0.20996364271757523
539	0.017459688324627704	0.21029956536384742
540	0.017472696422376328	0.2103778911595873
541	0.017516119708443943	0.21063914535846234
542	0.017522064925148097	0.21067488926586747
543	0.017601128793467796	0.21114966276386063
544	0.017616924578515526	0.21124438756152977
545	0.01763438217811844	0.21134902860586827
546	0.01768874711669255	0.21167456127465104
547	0.01771301389528136	0.21181970720186155
548	0.017749441288099545	0.21203740241534705
549	0.017773354793722614	0.21218019144217473
550	0.0177895017544923	0.21227655162520268
551	0.01781084394267487	0.21240384827989908
552	0.01786889429603413	0.2127497074662892
553	0.017902427746555503	0.21294924101644955
554	0.017930559508895404	0.21311648888803073
555	0.017959186298549753	0.21328654514825512
556	0.017968485159100243	0.21334175547750683
557	0.018022367760353153	0.2136613929882708
558	0.018051805143253954	0.2138358169617174
559	0.018067734387357117	0.21393014248201578
560	0.01814721905602772	0.21440019328401563
561	0.018188427138750452	0.21464348155298543
562	0.01823007185669122	0.21488906783752054
563	0.01826748172694851	0.21510944141173957
564	0.018283445824106785	0.21520341380884514
565	0.018321067123471868	0.21542470884176632
566	0.0183799371972615	0.21577053742007565
567	0.018387796410900253	0.21581666395175456
568	0.01845831140451054	0.21623008348690623
569	0.01846923749921624	0.21629407094501746
570	0.018503279853806228	0.21649331494880802
571	0.018540861988215383	0.21671306392580536
572	0.018575562684448804	0.21691576698462972
573	0.018624288908546713	0.2172000804191227
574	0.018636020407460714	0.21726847716127684
575	0.018673444955038834	0.21748652522503636
576	0.01873433594687889	0.2178408302836579
577	0.01876228711336614	0.21800327628390062
578	0.018794025854288507	0.21818758819071674
579	0.018822569196916248	0.21835321104121774
580	0.01884070720304921	0.21845839164079742
581	0.01887362052831822	0.21864912372374004
582	0.01888214645227239	0.21869850416231443
583	0.018934247851494057	0.2190000230795502
584	0.018946330913417787	0.21906989035980612
585	0.01898845921557168	0.21931331263348158
586	0.019005793792853574	0.21941339543311827
587	0.019050209964045814	0.219669628240866
588	0.01908214732061887	0.2198536873485818
589	0.019142366012433264	0.22020031691421646
590	0.019155364421904127	0.22027506650767156
591	0.019176361135844543	0.22039575817765544
592	0.0192009829545005	0.2205372032514386
593	0.019229670544060228	0.22070189063812384
594	0.01924076302201854	0.22076553650005848
595	0.019289496430726135	0.22104493948636508
596	0.019319805072455978	0.22121852987244045
597	0.019349728436742368	0.22138978008515087
598	0.019357537124666827	0.2214344471028351
599	0.019384309781167397	0.22158752287732475
600	0.0194101518137825	0.22173517747132204
601	0.019461355803760832	0.22202745359544815
602	0.019538822864564074	0.22246891132806315
603	0.0195497186205263	0.2225309321864546
604	0.019579466853474236	0.22270017722071372
605	0.01964188129076048	0.22305485099129152
606	0.019655013810282305	0.22312940552807622
607	0.019746098932931392	0.22364582026581167
608	0.01979103671017641	0.22390015998637675
609	0.019842916073830364	0.22419342899663958
610	0.01986997748748631	0.22434625240208791
611	0.01990270351005503	0.224530926489992
612	0.01991535428434652	0.22460227455681614
613	0.01995362594363197	0.22481798189112426
614	0.019961445877286613	0.22486203126573423
615	0.020040814248336418	0.22530862286535944
616	0.02007425184573122	0.22549650543005975
617	0.020081472033250787	0.22553705440529137
618	0.02013149892695361	0.2258178082259172
619	0.020205087675263356	0.2262301593268658
620	0.020226814384715956	0.22635176029144963
621	0.0202564691889545	0.2265176281963881
622	0.020292466399628006	0.22671880796171318
623	0.020315345883364415	0.2268465831634514
624	0.020392310465339538	0.22727588049902364
625	0.02041570682995975	0.2274062214200243
626	0.020461847594175592	0.2276630524737958
627	0.020470912931920736	0.22771347836800443
628	0.020548584835291768	0.22814507108451035
629	0.020592182041620777	0.22838696651497717
630	0.0206300696777467	0.2285969749961462
631	0.020644900516688068	0.22867912876189722
632	0.020678853799384226	0.2288670981183469
633	0.02072001989539337	0.22909479160489132
634	0.02072146326637605	0.2291027709171145
635	0.02073175286169837	0.2291596462978164
636	0.020779120362363006	0.22942128665888825
637	0.020821212724947902	0.22965353899350588
638	0.020874757172845957	0.2299486413163845
639	0.020938184994226484	0.23029772511199503
640	0.020943677046487558	0.2303279264932018
641	0.02096370908177707	0.2304380512433499
642	0.02098037689895912	0.23052964133704767
643	0.02099756452475199	0.23062404969936737
644	0.021047682743760752	0.23089911916588265
645	0.02109152198137053	0.23113945859098542
646	0.021117983595984192	0.23128440797122626
647	0.02114723799812133	0.23144454981033433
648	0.021205779546099753	0.23176468046338572
649	0.021250155414284606	0.23200705268929925
650	0.02127154273428796	0.23212377562851233
651	0.021315409219683126	0.23236299687694686
652	0.021331795815525436	0.23245229628854097
653	0.02137737945555232	0.23270052591026044
654	0.02139179782347675	0.23277898726373858
655	0.02143346619554685	0.23300558819700665
656	0.021470403370758274	0.23320627583511985
657	0.021485993285839482	0.23329092739565002
658	0.02155357494142643	0.23365753387938526
659	0.021561343382830032	0.23369963806252378
660	0.021616485233292924	0.23399828368928496
661	0.021670592150374802	0.2342909541395651
662	0.021691216764736496	0.23440241882311752
663	0.021734882145936732	0.23463823143906334
664	0.021778788198246704	0.23487510507207363
665	0.021802926442657147	0.23500522945246685
666	0.021841860056140968	0.23521496097204794
667	0.021870226977751244	0.23536765308120172
668	0.02190852860747209	0.2355736642293767
669	0.02194386207180228	0.23576355101921295
670	0.021992506359820762	0.23602472203186342
671	0.022064173365885755	0.2364089762622103
672	0.022081871073604552	0.2365037692610996
673	0.02212765672071273	0.23674883162059804
674	0.02214117160185483	0.2368211199778911
675	0.02217358806478497	0.2369944191905171
676	0.022221570770862585	0.2372507035644915
677	0.022282077212520367	0.2375734853662504
678	0.022298386122692526	0.23766041298698917
679	0.022336194122971612	0.23786181005925486
680	0.0223641541042168	0.23801063872135844
681	0.02240808838580518	0.23824430943867836
682	0.022430296068004684	0.23836233699159004
683	0.022463129520660343	0.23853673051183222
684	0.02253884433955002	0.23893840143449094
685	0.02255392965939664	0.2390183491735419
686	0.0225697537721062	0.2391021835688763
687	0.02259519476885543	0.23923690556646712
688	0.022637430684625624	0.23946039716309467
689	0.02265294441803614	0.2395424358131921
690	0.022755215068077088	0.24008255483949115
691	0.02278240426633231	0.2402259440235769
692	0.02280625662590005	0.24035166509646075
693	0.022870879214915665	0.24069194802677793
694	0.02288922423605452	0.24078845970339718
695	0.022905837978782977	0.24087582989643955
696	0.022954483108606913	0.24113146825258205
697	0.023001267081203963	0.24137707051139412
698	0.023073358812574447	0.24175504267244916
699	0.02308547501929749	0.24181850915041464
700	0.023110831342995602	0.24195127543784334
701	0.02312360604222839	0.24201813646333167
702	0.023158835636957982	0.24220242769870357
703	0.023210905730426508	0.2424745575741015
704	0.023251071616090763	0.2426842649364191
705	0.023288976560495136	0.24288200179014283
706	0.023303380571078235	0.2429571002844668
707	0.023361539099402282	0.24326008684513903
708	0.023406016960914204	0.24349154726868905
709	0.02344003402033991	0.24366842185530752
710	0.023458334833575904	0.24376352539077564
711	0.023502600907603224	0.24399340889943988
712	0.02356637079654395	0.24432419978817171
713	0.023600058466357206	0.2444987657773567
714	0.023637565714003782	0.24469297790261882
715	0.023656465268579188	0.24479078121094627
716	0.023680121368688387	0.24491314412965204
717	0.023712402543019723	0.24508002231376463
718	0.023783997702472106	0.2454497300769497
719	0.02379875649111048	0.24552587326636183
720	0.023830859233520654	0.24569141547827178
721	0.02388103821743099	0.24594994712513119
722	0.023901869992523205	0.24605719658976835
723	0.023941764811142553	0.24626245907515737
724	0.02397523581134358	0.24643453853655412
725	0.02401835899100942	0.2466560643363877
726	0.024067514936230203	0.24690833833181888
727	0.024102662968218468	0.24708856416860828
728	0.02415028066968104	0.2473325202835426
729	0.024217675639334506	0.24767738904124603
730	0.024236208683108572	0.24777214086857513
731	0.02426756845248271	0.24793238798998804
732	0.02433574007890351	0.24828038537402042
733	0.02434487477442776	0.24832697842874088
734	0.024394740509193113	0.2485811730548645
735	0.024443619668663243	0.2488300865142702
736	0.024465434628531086	0.24894109723705984
737	0.02452405801003214	0.24923917158767936
738	0.024567988104554878	0.2494623035312454
739	0.02461350050276338	0.24969326209286707
740	0.024647031426393004	0.24986328252941833
741	0.02467781498407259	0.2500192704951427
742	0.024707424084704735	0.25016921542630915
743	0.024750525161519175	0.25038732525834906
744	0.024784233203447747	0.25055777002065116
745	0.024831421925453498	0.2507961852719606
746	0.0248394386830832	0.25083666644108277
747	0.024865592973929793	0.2509686889313993
748	0.024872850217524355	0.2510053099771524
749	0.024923362216530905	0.25126005258488204
750	0.02502420643847464	0.2517678601873494
751	0.025077165317974614	0.2520341283085404
752	0.025098806337687716	0.25214285469863845
753	0.02514528276672288	0.2523761980568932
754	0.02516598193708152	0.25248005259168316
755	0.025178480825416676	0.2525427429381378
756	0.025216478572686378	0.25273323174639956
757	0.02528115033464169	0.2530571119644232
758	0.02531872089625107	0.2532450774647293
759	0.025347337294313908	0.25338815174199536
760	0.025398412647539864	0.2536433141724108
761	0.025483700507941003	0.25406882433426003
762	0.025506180426746284	0.25418086040878674
763	0.025541607404344614	0.25435732224718927
764	0.02558178252822087	0.25455728659458693
765	0.025634411149744084	0.2548189985344492
766	0.025660401964593734	0.25494814672248994
767	0.025718082252197204	0.2552345262549781
768	0.02576751169652899	0.2554796853720631
769	0.025841204647886914	0.25584474992525236
770	0.02587271502103448	0.2560006890067888
771	0.025930235361182313	0.25628510197762794
772	0.02595617288496786	0.2564132485090687
773	0.026013573465089073	0.2566966134934675
774	0.0260305295201435	0.25678025930400095
775	0.026109043908869634	0.2571672234913809
776	0.02613555592766818	0.2572977585724844
777	0.026224831117457072	0.25773682946755055
778	0.026323026757125015	0.25821891047145057
779	0.026380485919262203	0.25850058313877017
780	0.02639898397531094	0.2585911978518389
781	0.026407570073328064	0.25863324698654955
782	0.026452449868344916	0.2588529279256141
783	0.026461380355909045	0.25889661929993113
784	0.026507505707709707	0.25912216494538426
785	0.026535646840324688	0.2592596742411885
786	0.026582883788823525	0.25949032983143594
787	0.02663559112321388	0.25974745525943105
788	0.026651879792010523	0.25982686580456843
789	0.026724949886833514	0.2601827990207986
790	0.026744316093611015	0.2602770525442998
791	0.02678845710285848	0.2604917552702769
792	0.02686197164416374	0.26084893918195934
793	0.026875273920295744	0.26091351849115824
794	0.02698040176567903	0.2614233273346663
795	0.027014374482225066	0.26158786281297064
796	0.02703559320281857	0.26169057609746643
797	0.02709754234236703	0.2619902223784219
798	0.027140831843473347	0.2621994092465071
799	0.027168670976103596	0.26233384752254807
800	0.02730149683938048	0.2629743322041868
801	0.027321668462031372	0.2630714631337463
802	0.02739332296139618	0.2634162061882607
803	0.0274170994007829	0.2635304993870229
804	0.027513483677619393	0.26399331115124425
805	0.027597347711456117	0.26439534491364447
806	0.02766974273366491	0.26474190666679237
807	0.027695806093815733	0.26486656340145287
808	0.027711560746988117	0.26494188685595216
809	0.02778808570907911	0.26530745071386563
810	0.027884362603552502	0.26576665634915686
811	0.027918690791741193	0.2659301975021458
812	0.02797679704161364	0.2662067895338763
813	0.027999365417711777	0.26631413998965947
814	0.02808491485740693	0.2667206786523181
815	0.02813920443950869	0.26697834657280844
816	0.028151350070498238	0.26703595784362044
817	0.028235478057007032	0.2674346676494961
818	0.028367997015934347	0.26806151515137633
819	0.028407362896937915	0.2682474433181911
820	0.028491434462170912	0.26864408910177334
821	0.028615505566743367	0.269228383326698
822	0.02868092483197887	0.2695359555299285
823	0.028732339652186654	0.26977743898347367
824	0.028784553967937932	0.27002245645761097
825	0.028807485682123338	0.2701299940806792
826	0.02887799369551794	0.27046037156379266
827	0.0289561701251231	0.27082620958099013
828	0.02910934732577868	0.2715415956682816
829	0.029208219020196727	0.2720023586402186
830	0.029243913117036283	0.2721685090332716
831	0.029264509588557103	0.2722643362272145
832	0.029329046753108042	0.27256438382303866
833	0.029389285610387714	0.2728441499041283
834	0.02944923923382061	0.2731223067404155
835	0.029515033447516017	0.27342723552980985
836	0.029590203583245066	0.2737752021416575
837	0.02969746363037935	0.27427095030485604
838	0.029876024391871002	0.27509426361512046
839	0.02991924867347594	0.2752931932655452
840	0.03001856646400595	0.27574973646543854
841	0.030072462784088067	0.2759971705188717
842	0.030244768966480436	0.27678673160629674
843	0.030289577668556923	0.27699169041982474
844	0.0303987807325565	0.2774905604777806
845	0.030423554344971317	0.27760360849171006
846	0.030681015178267122	0.2787757510206382
847	0.03069894301344914	0.27885718763222905
848	0.030766698740337106	0.2791647512767083
849	0.030809415702405567	0.2793584823920393
850	0.030943406535911114	0.279965291475034
851	0.031079331233181035	0.2805795176258597
852	0.03128479492902821	0.2815054374835575
853	0.03137008286257626	0.28188889334686673
854	0.031521964984791324	0.2825704692680706
855	0.031754175752136495	0.2836093560650435
856	0.03194000851356654	0.2844380191385844
857	0.03217752652748615	0.28549365472696137
858	0.03239558355958114	0.2864593719960708
859	0.03267114653163521	0.28767513094989194
860	0.03273907700446183	0.2879740454709441
861	0.03364603574707581	0.2919356165297507
862	0.033705153009372754	0.29219197451914714
863	0.03393199403952312	0.2931735748928159
864	0.03406666813479983	0.29375479312521247
865	0.03445537992276665	0.2954259584831533
866	0.03517967966273639	0.2985149403639006
867	0.03595276896592588	0.3017771159359994
