# mode	eigenvalue	frequency_thz
1	-2.9116429397468474e-18	2.7157462561005032e-9im
2	-1.578220381076968e-18	1.9994196477630716e-9im
3	2.0580081177298781e-19	7.220107660312117e-10
4	1.3650067879283582e-18	1.8594629835017e-9
5	4.07008116476157e-18	3.210862194475725e-9
6	4.997972299262133e-18	3.558091023807067e-9
7	9.200306379346506e-5	0.015265860052333137
8	0.00017155123829580717	0.020845727695049828
9	0.0001892726362656389	0.02189596283802534
10	0.00021835267054365708	0.023517945827917372
11	0.00030774379240697594	0.027919959400056506
12	0.0003136544954933377	0.02818680752990116
13	0.0003270752416633317	0.028783524209556405
14	0.00036338749858119674	0.03033926972168208
15	0.0005114091704726246	0.03599186800366824
16	0.0005449632750765632	0.03715384370810235
17	0.0006048767430636552	0.03914295197928715
18	0.0006140875817731278	0.03943985315224187
19	0.0006436702487802627	0.04037865509904707
20	0.0006890642893707969	0.041778226813988496
21	0.0007480999983234855	0.04353113177346781
22	0.0008039246456314806	0.04512610017572356
23	0.0008116961191199206	0.045343690734087644
24	0.0008264754364157707	0.04575463623992167
25	0.0008471713547986755	0.046323969078045306
26	0.0009265596444994935	0.04844587699906859
27	0.0009618844497183835	0.049360731104367055
28	0.000976812370017463	0.04974228220559675
29	0.0010080800384271904	0.050532134017611405
30	0.0010705086391972988	0.05207331429347998
31	0.0010925428441678998	0.052606495366378604
32	0.001180902240560939	0.05469241556671081
33	0.0012103651178241705	0.05537048546376553
34	0.0012603345002585818	0.056501898949416665
35	0.0013045070395759006	0.05748351880436443
36	0.001327679371368032	0.05799181956341167
37	0.0013799334449193807	0.05912201155982388
38	0.0014284478201410998	0.06015231166755557
39	0.0014947691504379075	0.06153287325624388
40	0.0015030779949184747	0.0617036549980066
41	0.0015433499751253907	0.06252480433958123
42	0.0015672397268417205	0.06300686157669125
43	0.0016398124988316596	0.06444915503529516
44	0.0017171912081724563	0.06595222623467227
45	0.0017460761561439411	0.06650460565466601
46	0.0018093281266906742	0.06769846147753754
47	0.0018273446451922692	0.06803468277969552
48	0.0018647460417432836	0.0687274101445498
49	0.0018933034545256194	0.0692516691266275
50	0.0019492264846981066	0.07026697920873935
51	0.0019926035599939114	0.0710445197214903
52	0.0020336417927217226	0.07177238215607334
53	0.002109515414368304	0.0730990079907752
54	0.0021487978475818667	0.07377647684057931
55	0.0021869504938191223	0.0744285584768245
56	0.002215593705019847	0.074914380585556
57	0.0022824018137485823	0.07603546103568089
58	0.002331534849672196	0.07684950727782584
59	0.002366249034418417	0.07741949900423434
60	0.0023908104876812506	0.07782026544546285
61	0.0024868453330410094	0.0793678323954696
62	0.0025008483443372843	0.07959097223394751
63	0.0025570156365096793	0.08047978798627933
64	0.0026137832090527536	0.08136823836995813
65	0.0026742459938068047	0.08230397462105377
66	0.0026861230007077567	0.08248653858883143
67	0.0027202438653994307	0.08300878392274612
68	0.002768306346002618	0.08373889116750217
69	0.002785683100576361	0.08400129598708485
70	0.00281067541504992	0.08437727181914735
71	0.0028479037448532014	0.08493423609294581
72	0.002921624497103618	0.086026515143194
73	0.0029893933648727925	0.08701851443890175
74	0.003037037054318313	0.08770920550539585
75	0.003087530223381609	0.08843531772892325
76	0.0031284801553501432	0.0890198450418758
77	0.003158346860521786	0.08944375919701113
78	0.0031866473601927588	0.08984359778206792
79	0.0031885726633920424	0.08987073446013018
80	0.003278132731899944	0.0911241308117085
81	0.003294111931623569	0.09134595230192046
82	0.003302883507860081	0.09146748965681585
83	0.0033308009346229316	0.09185323800629273
84	0.003374715824580861	0.09245677394345214
85	0.0034743793529372537	0.09381207659248296
86	0.0034967776212675465	0.0941139797855908
87	0.003518185967285897	0.09440163751260586
88	0.003573511341862299	0.09514100049951274
89	0.0036001891726499765	0.09549547481887334
90	0.0036390060983350083	0.09600890652595806
91	0.0036903964327478565	0.09668445257701608
92	0.0036966327678699374	0.09676611075953565
93	0.003739489140842002	0.09732541627174224
94	0.0037454166386535837	0.09740252142440035
95	0.0038073286903034954	0.09820425774250997
96	0.0038130017085983184	0.09827739395188345
97	0.0038558259062021765	0.09882773457767355
98	0.0038905652761904285	0.09927193447264172
99	0.003901917809343214	0.09941666498308967
100	0.00395321976029285	0.10006808999995578
101	0.0039700035032742146	0.10028028895986717
102	0.004031050543573334	0.10104835631247104
103	0.004061468777826681	0.10142889431000521
104	0.004104035492367563	0.10195902779309765
105	0.004134317493580569	0.10233449346964678
106	0.00416316390354387	0.10269088257361154
107	0.0041879098890063235	0.10299562940826777
108	0.00423953221464994	0.10362847367236941
109	0.004266759729324865	0.10396070726986881
110	0.0043193188788044345	0.10459905609999536
111	0.00434900450683499	0.10495788255898893
112	0.00438807166737841	0.10542824756674951
113	0.004428670101586221	0.10591483569467681
114	0.004456862909174091	0.10625142651338926
115	0.004494912984808116	0.10670401868573866
116	0.004572005500125919	0.10761517191503747
117	0.004584441951113773	0.10776143616653377
118	0.004622193226789248	0.10820421536656123
119	0.004663362936386018	0.10868503262084023
120	0.004672929840892367	0.10879645935420368
121	0.004734945102952356	0.10951600824518931
122	0.004784427398656375	0.11008676660369072
123	0.004796275472057253	0.11022299080403916
124	0.004861894049887463	0.11097441822876043
125	0.004864989108867561	0.11100973550638342
126	0.004892548471509045	0.11132371741144344
127	0.004924230698722629	0.11168358016008126
128	0.004972470694955053	0.11222929838212836
129	0.0049992050199344105	0.112530592514382
130	0.005038541114778146	0.1129724468350942
131	0.00505981398916731	0.11321068220022981
132	0.0051122419189539615	0.11379569439058247
133	0.00512853431379672	0.11397688002439364
134	0.005179909292420724	0.11454633787788499
135	0.005211746641404809	0.11489781750903713
136	0.005239572233593584	0.11520412977305654
137	0.005267752146105929	0.11551351465979696
138	0.005280165925450135	0.11564954189051393
139	0.0053126406023102455	0.11600463722179766
140	0.005353524727727908	0.116450146227835
141	0.00539402782378545	0.11688982888755911
142	0.0054185586409089895	0.11715532161643828
143	0.0054310109655969704	0.11728986098539854
144	0.005507918779772231	0.11811740455636076
145	0.005534115530503655	0.11839796621541353
146	0.005557037031698791	0.1186429064241307
147	0.00556605270488998	0.11873910986591367
148	0.005583463304756325	0.11892467269841143
149	0.005670058622288705	0.11984334056699485
150	0.005706435155618894	0.12022715630685958
151	0.00572547798361793	0.12042759301949743
152	0.0057771929302098905	0.12097024696400525
153	0.0057920567880869935	0.12112576622001374
154	0.00580841268059093	0.12129666607990668
155	0.005848524320959506	0.1217147697452326
156	0.00586870641734921	0.12192459563811305
157	0.005910637146423887	0.12235938378021885
158	0.005947202907704248	0.12273728428822935
159	0.0059722369467610495	0.12299533696927754
160	0.006013301225467416	0.12341746209236672
161	0.00603239434188431	0.12361324111197394
162	0.006071812015656552	0.1240164485554932
163	0.0060969484114794135	0.12427288822092758
164	0.006138859164073227	0.12469928597755285
165	0.006145376388510042	0.12476546094840203
166	0.006199140595413962	0.12531004178732727
167	0.006215222303430107	0.12547247512915113
168	0.00621593896932116	0.1254797089211838
169	0.006261519823248857	0.1259389336256643
170	0.006320724429748675	0.12653292861153698
171	0.006361831214059609	0.12694371478770092
172	0.0063997377027246085	0.12732134534953635
173	0.006425137517508456	0.12757375695687975
174	0.006461693425675603	0.1279361585371408
175	0.006492315895774049	0.12823894994960733
176	0.006540033055637233	0.12870935188304838
177	0.00657614596283127	0.1290642178325489
178	0.0066071270003865	0.1293678793582234
179	0.006630989334995126	0.12960128166549942
180	0.006677016796815271	0.1300503023148049
181	0.006690082608812209	0.13017748353921668
182	0.00670480951602102	0.1303206848982947
183	0.00673485748358199	0.13061237806337506
184	0.006753927396666036	0.1307971634154484
185	0.0068062033149599134	0.13130237776031103
186	0.006831874842147248	0.13154976679396688
187	0.006858027761486047	0.13180131737637416
188	0.006881629275277032	0.13202791596853564
189	0.006921378528809364	0.13240867279166188
190	0.006949430107725595	0.1326767203014329
191	0.006979809637062435	0.13296640311275587
192	0.007009409839637771	0.13324804893804057
193	0.007046753081269483	0.1336025227378073
194	0.007061068800819248	0.13373816292725013
195	0.007084458250902862	0.13395948041238645
196	0.007131513228451731	0.13440362362278638
197	0.00715041490063647	0.1345816203570034
198	0.007177556590081678	0.13483680224796338
199	0.007193043568672142	0.1349821922162908
200	0.007208373125189533	0.13512595026790913
201	0.007262786057012366	0.13563499549266983
202	0.0072913400244457235	0.13590136146033405
203	0.007328069261695157	0.13624322475490053
204	0.007377461986501091	0.1367016076173723
205	0.007433097466870587	0.13721609177975957
206	0.007458825272287773	0.13745335621864113
207	0.0074925071719800715	0.1377633564646339
208	0.007503811970572294	0.1378672469216918
209	0.00755747935281713	0.1383593829167886
210	0.0075742686889776895	0.13851298396337489
211	0.007626547595074704	0.13899018218066994
212	0.00763358107437805	0.13905425830885385
213	0.007663645195058343	0.13932781510224043
214	0.007737768813016066	0.13999999063897184
215	0.00774309914062602	0.1400482033318633
216	0.007775845643899186	0.1403440312884955
217	0.0077916017702500525	0.14048614825884864
218	0.007836526997039328	0.14089057733393237
219	0.007858746550089944	0.14109017530248352
220	0.007873211982754657	0.14121996649158847
221	0.00798374774786665	0.14220783839114176
222	0.008009880962021161	0.14244039281280718
223	0.008023291655278477	0.14255958469193133
224	0.008044941318749287	0.14275179307372257
225	0.008071464107534076	0.1429869135082487
226	0.008089446084889462	0.14314610129297295
227	0.008142343874321981	0.14361336282309708
228	0.008184173652915207	0.143981783737941
229	0.008227972665920139	0.14436654129124998
230	0.008231505209159525	0.14439752865253042
231	0.00827064737791877	0.14474043855370197
232	0.008317901891306382	0.14515333834769775
233	0.008332876769424945	0.1452839407604679
234	0.008360074708990455	0.14552084602781215
235	0.008418983733985535	0.14603265022656653
236	0.008437291738918287	0.1461913460176718
237	0.008464950741092117	0.14643077108807534
238	0.008503218572075059	0.14676138548592146
239	0.008513738919169381	0.14685214543974007
240	0.008520595185934942	0.14691126487394332
241	0.008539600744082929	0.14707501959225433
242	0.008615621902493733	0.14772821406870676
243	0.008665239433673394	0.14815298818007833
244	0.008719905981979793	0.1486195811164714
245	0.008739739155157477	0.14878850058319842
246	0.008751626860563898	0.14888965650901037
247	0.008781700077518769	0.14914525189841757
248	0.008822203745470407	0.14948880611385518
249	0.008852503117931848	0.14974529161348493
250	0.008882147874584261	0.14999581129569547
251	0.008921401580217187	0.15032689115462722
252	0.008933208770583905	0.15042633468515956
253	0.008955881805504122	0.15061710937076006
254	0.008989917764665196	0.15090304081412126
255	0.009045157340170844	0.15136595127818545
256	0.009065458090956595	0.15153571727097476
257	0.009121662577339498	0.152004740834081
258	0.009147051405547073	0.15221613544296292
259	0.009159300598865557	0.15231802079315326
260	0.009207426067394546	0.15271765678615254
261	0.009227560736532211	0.15288454600450166
262	0.009266214492077842	0.15320442393625272
263	0.009287845836140415	0.15338314232099579
264	0.009293003362177074	0.1534257231181749
265	0.009313370063014206	0.1535937562866583
266	0.009340558092766725	0.15381778198295182
267	0.009364361046068468	0.1540136475746342
268	0.009409897551492276	0.15438765803973903
269	0.00944209415946669	0.15465155646082088
270	0.009459103244942483	0.1547907892369452
271	0.009526758894621306	0.15534336868786627
272	0.009532006715064184	0.1553861482879646
273	0.009578353421752733	0.15576345097390495
274	0.009599492920732694	0.1559352418017652
275	0.009619148793154756	0.15609480626297387
276	0.00963381189445022	0.15621373374888098
277	0.009665049313309441	0.1564667885466827
278	0.009679752723533615	0.15658575954189605
279	0.009760890200828197	0.15724065543718177
280	0.009774113991480551	0.15734713208493656
281	0.009815856297707653	0.15768276529875827
282	0.009823571926364832	0.15774472538875045
283	0.009841938580958172	0.1578921203466533
284	0.009851308965336397	0.15796726600305486
285	0.00990363873662171	0.15838626830531968
286	0.009929103934550697	0.15858976665473498
287	0.009967896166308596	0.15889926355582396
288	0.010019932423912838	0.1593134813471485
289	0.010026078977167494	0.15936233789773127
290	0.01004166949020674	0.15948619366927191
291	0.01008272342024301	0.15981187937934893
292	0.010101280772240607	0.15995887944255366
293	0.010124716368598158	0.16014432918962726
294	0.010163417650200516	0.16045010957659156
295	0.010207833623262379	0.16080032536428673
296	0.010247715448587958	0.1611141411577224
297	0.01030076648379341	0.1615306358653015
298	0.010328733729261012	0.161749770273169
299	0.010350259644813198	0.16191823234123484
300	0.010385851637822682	0.1621963918712097
301	0.01039002259000212	0.16222895759184328
302	0.010400977881047331	0.16231446256492935
303	0.010446321153493981	0.16266788437993632
304	0.01045690504958967	0.16275026860393402
305	0.010476004681286018	0.16289883321538726
306	0.01050258292715231	0.16310534432144017
307	0.010592296022248327	0.163800486174119
308	0.010630085326578031	0.1640924151111302
309	0.010666766509622528	0.16437528773852328
310	0.010705196952451316	0.1646711288236003
311	0.010726004547359587	0.16483108602954236
312	0.010735598688554716	0.16490478818164997
313	0.010770891025977739	0.16517562078071893
314	0.010791712526848728	0.16533519642880207
315	0.010863634491294627	0.16588522430404112
316	0.010878779985869887	0.1660008181556514
317	0.010883989230494284	0.16604055769338663
318	0.010914498099314935	0.16627310866965228
319	0.010951671582887972	0.16655602120786797
320	0.010968185926435663	0.16668155123316264
321	0.011003187778066807	0.16694729781415327
322	0.011058294335950378	0.167364831399181
323	0.011093426425446112	0.16763047876682644
324	0.011108730632619688	0.16774606827358787
325	0.011134999571571907	0.16794428665769456
326	0.01115279882422955	0.16807846219744513
327	0.011204553736520349	0.1684679974921603
328	0.011216342374278404	0.16855659923986444
329	0.011231054772608716	0.16866711027241577
330	0.011266893960305474	0.16893601099420463
331	0.011294008855600782	0.16913916945166552
332	0.011309946312139297	0.16925846712005707
333	0.0113766600453546	0.1697569337383725
334	0.011388349252319454	0.16984412165100798
335	0.011422768929915951	0.17010059294811158
336	0.011432954104077563	0.17017641161115576
337	0.01146463674158312	0.1704120422012529
338	0.011505628924685818	0.17071642727060188
339	0.011533898970835857	0.17092602904034856
340	0.011556073166345757	0.17109025482740384
341	0.011568255550324251	0.17118041253608374
342	0.011605240110184541	0.1714538323298566
343	0.011639400877513154	0.17170598957264452
344	0.011656056785596567	0.17182880073834225
345	0.011695998689078306	0.17212295252712329
346	0.011740963190940066	0.17245349286244316
347	0.011756101927240825	0.17256463736087718
348	0.011847086343892074	0.17323111812625783
349	0.011886845135202505	0.1735215562464858
350	0.011927701679802363	0.17381950787727463
351	0.011960788023842017	0.17406042056492707
352	0.01197586471450385	0.17417008845044013
353	0.012012938612528841	0.17443947085341602
354	0.012021823386681807	0.17450396668118145
355	0.012069637951161248	0.17485065082583692
356	0.012110556169811196	0.17514678744672502
357	0.012133427978906755	0.1753120991893269
358	0.01217163843038305	0.1755879276216876
359	0.012198410899728831	0.17578093122856359
360	0.012223319702588355	0.17596030949712443
361	0.012230100440568695	0.17600910865146488
362	0.01224928824874925	0.17614712491042497
363	0.012294573644447464	0.17647243088254572
364	0.012320855152509391	0.17666094842730912
365	0.012357742638630752	0.1769252039511438
366	0.012380827502310336	0.1770903792869053
367	0.012411642774202205	0.17731062695610086
368	0.012444955448363534	0.17754841711770528
369	0.012472649460573816	0.17774585838621018
370	0.012487114557276536	0.17784889848252886
371	0.012503322623415247	0.177964283502635
372	0.01254457033066436	0.17825758852196913
373	0.012559069779856684	0.17836057692085028
374	0.012576792682250124	0.17848638053295857
375	0.012617861987995593	0.17877756515438267
376	0.012628915727708096	0.17885585607500484
377	0.012673188695972466	0.17916908771062948
378	0.012743846784293756	0.1796678630687373
379	0.012765273358831907	0.1798188398556877
380	0.012774165097974724	0.1798814559798146
381	0.012790668222250962	0.17999761417188018
382	0.012805872360369718	0.1801045630719658
383	0.012845014915608521	0.18037960774452164
384	0.01289255660727831	0.18071310799695095
385	0.012962163958704248	0.18120028941173272
386	0.012976050471203215	0.18129732438727367
387	0.013003552782019529	0.18148934954186324
388	0.013030661438977888	0.1816784275234727
389	0.013035381167505921	0.1817113266679574
390	0.013099918378829787	0.18216059097810747
391	0.01312064565189033	0.18230464530975565
392	0.013148252240403675	0.18249633422935502
393	0.013152359700610732	0.1825248375575352
394	0.013172398424966189	0.18266383059374836
395	0.013199835460907776	0.18285396859553416
396	0.013215785938567842	0.18296441419864962
397	0.013237831412315874	0.18311695361278535
398	0.01328471875428677	0.18344095978032382
399	0.013307194408657953	0.18359607082600288
400	0.013341738599684677	0.18383421520719903
401	0.013387891736173252	0.18415190995841693
402	0.013402872147779963	0.18425490975068218
403	0.013439043796215258	0.18450337564149785
404	0.013466748124109742	0.18469345279540644
405	0.013470643203688671	0.18472016093898738
406	0.013503248134023382	0.18494357818185025
407	0.013521973097444096	0.1850717644514114
408	0.01356396525474357	0.1853589096165259
409	0.01359500955990603	0.18557090698130713
410	0.013616336496572042	0.1857164055207435
411	0.013661691903183433	0.1860254548889643
412	0.013691978371059373	0.18623153971873563
413	0.013695927364275369	0.1862583939120207
414	0.013712083966863242	0.18636822276113937
415	0.013744306447450108	0.18658707069890376
416	0.013765065154787015	0.18672792338579786
417	0.013809729978463187	0.1870306250111533
418	0.013846432056096687	0.18727899546076635
419	0.013902943693417515	0.1876607785084993
420	0.013958891674591793	0.1880379899976051
421	0.013981121226172647	0.18818765579683797
422	0.014000085571478735	0.18831524378594827
423	0.01403142964577091	0.188525930603392
424	0.01406945444605429	0.1887812078948012
425	0.01410736977787129	0.189035407031859
426	0.014132982702147237	0.18920693276629041
427	0.014178685727102644	0.18951261309337822
428	0.01420474653669738	0.18968669780291314
429	0.014241967078693818	0.189935052209113
430	0.014266588688283456	0.19009916181659003
431	0.014283357367209301	0.1902108484900556
432	0.014311413888674466	0.19039757057910395
433	0.014340720036533926	0.19059241386314008
434	0.014362179997680878	0.19073496517105992
435	0.014365166792926532	0.1907547970027169
436	0.014413260391073865	0.19107384720792508
437	0.01445004647730235	0.19131752489467788
438	0.014459194907175394	0.19137807757267766
439	0.014474216945887497	0.19147746562977788
440	0.014510163461495367	0.19171508399644618
441	0.014515719268167507	0.19175178344534896
442	0.014533895188084825	0.1918717972957026
443	0.014571979131235552	0.1921230187990536
444	0.014597935580101504	0.19229405296456906
445	0.0146434696876681	0.19259372276231895
446	0.014660051377132076	0.1927027346914036
447	0.014676646245220432	0.19281177155321072
448	0.01470951788562218	0.19302757338618892
449	0.01475574917817873	0.19333067350909336
450	0.014769134629570637	0.19341834210838624
451	0.014795106704560673	0.19358833409704837
452	0.014803773276333632	0.19364502519102303
453	0.01483060931906642	0.19382046401658545
454	0.014912943466902202	0.19435772972665427
455	0.014925497206906311	0.19443951784403046
456	0.014967043334479704	0.19470994753733745
457	0.01498683227307319	0.19483862460262583
458	0.015015257044559662	0.19502330738750726
459	0.015041545554547167	0.19519395481952903
460	0.015103346850243006	0.1955945411020097
461	0.015110640353954728	0.19564176233523461
462	0.015165447397487628	0.19599624239446956
463	0.015189969020535847	0.1961546355036634
464	0.015199943090677692	0.1962190246749697
465	0.015255024464513867	0.19657423125701845
466	0.015273012953304405	0.19669009575651838
467	0.015327919817286722	0.1970433314780682
468	0.015338943450789991	0.1971141741982303
469	0.01537606129699284	0.1973525228434411
470	0.015399321153610626	0.19750173715131705
471	0.015433737026527271	0.19772231184749492
472	0.015447223720271495	0.19780868230861226
473	0.015479467113336323	0.1980150203026201
474	0.015494294393579465	0.19810983369098775
475	0.015503351962418201	0.19816773020593018
476	0.015528371896748301	0.19832757127796607
477	0.015599558421826821	0.1987816467976547
478	0.015620571904322844	0.19891548676907878
479	0.0156531247008019	0.19912264580745503
480	0.015675463324737827	0.19926467943123785
481	0.01571301428064063	0.19950320837355268
482	0.015729149466727085	0.19960561378671077
483	0.01578704962028205	0.19997265777476123
484	0.01579655144633408	0.20003282796598404
485	0.015816416397036133	0.2001585640736853
486	0.015831871811051657	0.20025633521338715
487	0.01583637644619905	0.20028482260826877
488	0.015879602033155166	0.2005579763014033
489	0.015888621729802335	0.20061492720291726
490	0.015932896508729404	0.20089424666184544
491	0.01596919889118587	0.20112298066320095
492	0.015999473916552362	0.20131353875484922
493	0.016044055943363385	0.2015938205381824
494	0.01607886970406086	0.20181241974971237
495	0.016115579014869718	0.20204266513737246
496	0.01612919883698693	0.2021280236589479
497	0.016156291811083426	0.20229771440476563
498	0.016201140319008878	0.20257830054357098
499	0.016225785894450475	0.20273232555028114
500	0.016258589867065427	0.20293715592860723
501	0.01627564972502738	0.20304359724316265
502	0.016318183918630845	0.2033087375213133
503	0.016337554359254585	0.20342937017996932
504	0.01636619804032707	0.20360762250858272
505	0.01639595165171782	0.20379261694604442
506	0.016421327505756797	0.2039502598942166
507	0.01644723683194959	0.20411109132252442
508	0.01651098696927158	0.20450628006298086
509	0.016513249514713252	0.2045202916088162
510	0.016529689233740263	0.20462207108358008
511	0.016556459519981727	0.20478769958610274
512	0.016573776030040274	0.20489476599995224
513	0.016601126493332136	0.2050637575659009
514	0.0166242418521399	0.20520647298497874
515	0.016687332565261496	0.20559549410978836
516	0.01669883558861268	0.20566634313079346
517	0.016719737208617868	0.20579501723507732
518	0.016747696532704408	0.205967014140778
519	0.01675781708018869	0.20602923714932234
520	0.016821388165364617	0.20641965507255766
521	0.016833787668722778	0.20649571983265216
522	0.016869897351961073	0.2067170752632765
523	0.016910626864248306	0.2069664665236659
524	0.016938178301572092	0.2071349967324044
525	0.016980123782094285	0.20739131132895558
526	0.017003786156486008	0.20753576441012145
527	0.017021602951825195	0.20764446532263028
528	0.01708151054569828	0.20800954710585545
529	0.01712468841040451	0.2082722797114405
530	0.017134851498824086	0.20833407282514474
531	0.017158833868666398	0.20847981665477355
532	0.0171915092999999	0.20867822547382597
533	0.01720675520012856	0.20877073574398905
534	0.01727591022623568	0.20918984638515994
535	0.0173161053852128	0.20943306175909368
536	0.017363730659236305	0.2097208706500472
537	0.017386780371378384	0.20986002284655186
538	0.017403954301471264	0.20996364271532902
539	0.017459688327470982	0.21029956538097086
540	0.017472696425988796	0.21037789118133504
541	0.017516119712923738	0.2106391453853981
542	0.017522064926638194	0.2106748892748255
543	0.017601128796867555	0.21114966278425304
544	0.017616924581269643	0.21124438757804206
545	0.017634382181380477	0.21134902862541607
546	0.0176887471180164	0.21167456128257203
547	0.01771301389905275	0.21181970722441146
548	0.01774944129124385	0.21203740243412822
549	0.017773354797000523	0.21218019146174075
550	0.017789501758011257	0.21227655164619796
551	0.017810843947079772	0.21240384830616452
552	0.01786889430042406	0.21274970749242278
553	0.017902427757586263	0.21294924108205493
554	0.017930559510607236	0.21311648889820387
555	0.01795918630261788	0.213286545172412
556	0.01796848516279008	0.21334175549941176
557	0.01802236776551095	0.21366139301884457
558	0.018051805147733867	0.21383581698825124
559	0.018067734390210678	0.21393014249890951
560	0.01814721904996994	0.2144001932482308
561	0.01818842714361463	0.21464348158168675
562	0.0182300718594403	0.21488906785372308
563	0.01826748172433927	0.215109441396377
564	0.018283445826799367	0.21520341382469152
565	0.01832106712645902	0.21542470885932824
566	0.018379937205094787	0.2157705374660549
567	0.018387796415411363	0.2158166639782279
568	0.018458311406163996	0.21623008349659092
569	0.018469237503029916	0.21629407096734848
570	0.01850327985799887	0.21649331497333552
571	0.018540861992740982	0.21671306395225387
572	0.018575562688360536	0.21691576700746928
573	0.018624288913952305	0.21720008045064323
574	0.018636020409716486	0.21726847717442632
575	0.018673444957761468	0.21748652524089143
576	0.018734335960177446	0.217840830360975
577	0.01876228711760743	0.2180032763085409
578	0.01879402586385494	0.2181875882462471
579	0.018822569200453193	0.21835321106173305
580	0.0188407072051712	0.21845839165309971
581	0.018873620536031047	0.21864912376841622
582	0.018882146457592355	0.21869850419312314
583	0.018934247855014835	0.21900002309991143
584	0.018946330917404375	0.21906989038285393
585	0.018988459218557515	0.2193133126507245
586	0.019005793796924988	0.21941339545661961
587	0.01905020996877878	0.21966962826815414
588	0.019082147328260413	0.21985368739260258
589	0.01914236601757256	0.22020031694377587
590	0.01915536442563233	0.2202750665291076
591	0.019176361140503098	0.22039575820442608
592	0.019200982955351033	0.22053720325632312
593	0.019229670544037566	0.2207018906379938
594	0.019240763016275128	0.220765536467109
595	0.019289496430236055	0.2210449394835571
596	0.019319805047537338	0.22121852972977685
597	0.019349728434287592	0.2213897800711077
598	0.019357537103513837	0.22143444698184866
599	0.019384309784276438	0.2215875228950949
600	0.019410151808000233	0.22173517743829468
601	0.019461355805232977	0.22202745360384574
602	0.019538822867294373	0.22246891134360675
603	0.019549718623569357	0.22253093220377385
604	0.019579466861171162	0.22270017726448682
605	0.019641881302385644	0.22305485105729964
606	0.019655013838826594	0.2231294056900977
607	0.019746098940025363	0.22364582030598512
608	0.019791036706064098	0.223900159963115
609	0.019842916079011376	0.22419342902590816
610	0.01986997749531601	0.22434625244628936
611	0.01990270351745727	0.22453092653174592
612	0.01991535428815384	0.22460227457828533
613	0.019953625948836925	0.22481798192044644
614	0.019961445882495172	0.22486203129507096
615	0.02004081425296898	0.22530862289140022
616	0.020074251847931716	0.225496505442419
617	0.02008147204273701	0.22553705445856173
618	0.020131498930956383	0.22581780824836706
619	0.02020508768038299	0.22623015935552726
620	0.020226814383796837	0.22635176028630685
621	0.020256469193610308	0.22651762822241983
622	0.02029246640504387	0.2267188079919677
623	0.020315345888092754	0.22684658318985035
624	0.020392310470408893	0.22727588052727307
625	0.020415706824293906	0.22740622138846903
626	0.020461847597318658	0.22766305249128105
627	0.020470912936459182	0.22771347839324674
628	0.020548584840435948	0.22814507111306753
629	0.020592182048179787	0.22838696655135
630	0.020630069682502524	0.2285969750224953
631	0.020644900522714286	0.22867912879527277
632	0.020678853806547322	0.22886709815798637
633	0.020720019900386435	0.22909479163249472
634	0.020721463271304908	0.22910277094436196
635	0.02073175286649996	0.2291596463243537
636	0.020779120368762578	0.22942128669421694
637	0.020821212731987386	0.22965353903232788
638	0.02087475718323502	0.22994864137360557
639	0.020938184999793965	0.2302977251426132
640	0.02094367705323198	0.23032792653028766
641	0.02096370908855511	0.23043805128060285
642	0.02098037690588302	0.23052964137508716
643	0.02099756453143862	0.23062404973608824
644	0.02104768275207352	0.2308991192114794
645	0.021091521992383545	0.23113945865133056
646	0.021117983601925943	0.2312844080037633
647	0.021147238007946264	0.2314445498640985
648	0.021205779554159376	0.2317646805074288
649	0.021250155419746064	0.23200705271911304
650	0.02127154274112643	0.23212377566582437
651	0.021315409225762305	0.23236299691008194
652	0.021331795821735264	0.23245229632237518
653	0.021377379462229427	0.23270052594660182
654	0.02139179783076182	0.23277898730337554
655	0.021433466202651755	0.23300558823562573
656	0.021470403378273235	0.2332062758759327
657	0.021485993291798462	0.23329092742800078
658	0.021553574947666878	0.2336575339132109
659	0.02156134338862012	0.23369963809390262
660	0.0216164852396412	0.23399828372364498
661	0.021670592156234608	0.23429095417124166
662	0.021691216770328734	0.23440241885333327
663	0.021734882152173604	0.23463823147272833
664	0.0217787882045412	0.23487510510601534
665	0.021802926450032987	0.23500522949221753
666	0.021841860062568833	0.23521496100665878
667	0.021870226983197977	0.23536765311051064
668	0.02190852861268028	0.2355736642573775
669	0.021943862079319344	0.23576355105959437
670	0.021992506366034708	0.23602472206520758
671	0.02206417337189142	0.23640897629438448
672	0.022081871079821482	0.2365037692943922
673	0.022127656726265786	0.23674883165030472
674	0.022141171609737498	0.23682112002004743
675	0.02217358807041708	0.2369944192206155
676	0.02222157077816656	0.23725070360348227
677	0.022282077218374968	0.23757348539746154
678	0.022298386129887965	0.2376604130253344
679	0.022336194128177774	0.2378618100869755
680	0.02236415411100704	0.23801063875749104
681	0.022408088378977207	0.23824430940238062
682	0.02243029607579663	0.23836233703299176
683	0.022463129527269653	0.23853673054692445
684	0.022538844344282327	0.23893840145957496
685	0.02255392966653225	0.2390183492113522
686	0.0225697537720808	0.23910218356874174
687	0.02259519477455675	0.23923690559664978
688	0.02263743068870967	0.23946039718469533
689	0.022652944424085816	0.23954243584517806
690	0.022755215065970308	0.2400825548283772
691	0.022782404258836587	0.2402259439840581
692	0.022806256633291104	0.24035166513540734
693	0.022870879221711774	0.24069194806253885
694	0.022889224241334702	0.24078845973117022
695	0.022905837986516228	0.2408758299371007
696	0.02295448311723311	0.24113146829789014
697	0.023001267087669596	0.24137707054531954
698	0.02307335881923226	0.24175504270732837
699	0.023085475025775716	0.24181850918434408
700	0.02311083134758512	0.24195127546186757
701	0.023123606050063167	0.2420181365043322
702	0.02315883564378215	0.24220242773438824
703	0.023210905737211882	0.24247455760954348
704	0.023251071623198765	0.24268426497351417
705	0.023288976565955563	0.24288200181861636
706	0.023303380576716517	0.24295710031385867
707	0.023361539107520143	0.24326008688740405
708	0.02340601696735016	0.2434915473021655
709	0.023440034015049533	0.24366842182780973
710	0.023458334840110763	0.24376352542472865
711	0.02350260091615942	0.24399340894385316
712	0.02356637081156289	0.24432419986602613
713	0.023600058483007308	0.24449876586360497
714	0.023637565755227834	0.2446929781159918
715	0.023656465278389334	0.24479078126170264
716	0.023680121419543437	0.24491314439263784
717	0.023712402549178786	0.2450800223455932
718	0.023783997712183556	0.24544973012706053
719	0.023798756496769616	0.24552587329555375
720	0.023830859240138405	0.2456914155123856
721	0.02388103822432948	0.2459499471606548
722	0.023901870002049647	0.24605719663880318
723	0.023941764827137235	0.24626245915741715
724	0.023975235817388474	0.24643453856762096
725	0.024018358997803725	0.24665606437127466
726	0.02406751494334351	0.24690833836830656
727	0.02410266297593683	0.24708856420817069
728	0.02415028067722581	0.2473325203221771
729	0.024217675647387332	0.24767738908242468
730	0.024236208692439743	0.24777214091627245
731	0.024267568459487812	0.24793238802577222
732	0.024335740084648946	0.24828038540332875
733	0.0243448747833521	0.2483269784742567
734	0.02439474051627525	0.2485811730909478
735	0.024443619676911686	0.24883008655625372
736	0.024465434635528686	0.2489410972726609
737	0.02452405801715108	0.24923917162385442
738	0.02456798811270489	0.24946230357262283
739	0.024613500509971666	0.24969326212942958
740	0.024647031433661076	0.24986328256625895
741	0.024677814990491764	0.2500192705276601
742	0.024707424104408342	0.2501692155260613
743	0.02475052517195168	0.250387325311119
744	0.024784233218719934	0.2505577700978487
745	0.024831421935778385	0.2507961853241011
746	0.02483943869068101	0.2508366664794453
747	0.02486559298002508	0.2509686889621592
748	0.02487285022397722	0.25100531000971205
749	0.024923362222222394	0.2512600526135709
750	0.025024206445059947	0.2517678602204767
751	0.025077165325050655	0.2520341283440987
752	0.025098806344650615	0.25214285473361314
753	0.02514528277500401	0.2523761980984509
754	0.025165981942678793	0.25248005261976075
755	0.025178480830995723	0.252542742966117
756	0.025216478576654114	0.252733231766283
757	0.025281150341236815	0.25305711199743086
758	0.025318720903866627	0.25324507750281583
759	0.025347337301174278	0.25338815177628565
760	0.025398412654000814	0.2536433142046722
761	0.025483700514746233	0.2540688243681837
762	0.025506180432380544	0.2541808604368608
763	0.025541607410088565	0.25435732227579
764	0.025581782535611622	0.25455728663135857
765	0.025634411158056657	0.2548189985757648
766	0.025660401971029072	0.25494814675445904
767	0.025718082257786365	0.2552345262827124
768	0.025767511705471268	0.2554796854163936
769	0.025841204654950687	0.2558447499602204
770	0.025872715027243674	0.2560006890375076
771	0.025930235367835716	0.25628510201050786
772	0.025956172895549353	0.2564132485613344
773	0.026013573472634232	0.2566966135306945
774	0.02603052952677927	0.2567802593367305
775	0.026109043915406686	0.257167223523575
776	0.026135555934914213	0.257297758608152
777	0.026224831124223448	0.25773682950080046
778	0.02632302676368116	0.25821891050360724
779	0.02638048592418028	0.2585005831628661
780	0.026398983980995737	0.25859119787968166
781	0.026407570077784458	0.2586332470083723
782	0.026452449874788155	0.2588529279571395
783	0.026461380361475065	0.25889661932715996
784	0.026507505713228793	0.25912216497235996
785	0.026535646844088406	0.25925967425957475
786	0.026582883794030957	0.2594903298568523
787	0.026635591129571107	0.25974745529042853
788	0.026651879799063118	0.25982686583894604
789	0.026724949891952968	0.260182799045719
790	0.026744316099262713	0.2602770525718011
791	0.02678845710861038	0.26049175529824276
792	0.026861971647766516	0.26084893919945207
793	0.026875273925304713	0.26091351851547256
794	0.026980401770807898	0.261423327359514
795	0.027014374488928156	0.2615878628454246
796	0.02703559320986833	0.2616905761315855
797	0.027097542345718987	0.26199022239462594
798	0.027140831847788205	0.26219940926734936
799	0.027168670981073367	0.2623338475465415
800	0.027301496845639813	0.2629743322343325
801	0.027321668465122836	0.2630714631486296
802	0.027393322966290826	0.26341620621179435
803	0.02741709940563555	0.2635304994103445
804	0.027513483680439463	0.2639933111647736
805	0.02759734771534057	0.26439534493225186
806	0.027669742737636227	0.26474190668579095
807	0.027695806099216996	0.26486656342728016
808	0.0277115607486216	0.26494188686376074
809	0.027788085690726605	0.26530745062625516
810	0.027884362576346928	0.26576665621950835
811	0.027918688194127725	0.2659301851307942
812	0.02797679702042612	0.26620678943307374
813	0.02799936542433703	0.2663141400211673
814	0.028084914862695633	0.2667206786774313
815	0.028139204445775026	0.2669783466025352
816	0.028151350075313643	0.26703595786645923
817	0.028235478062800638	0.26743466767693336
818	0.02836799702210941	0.26806151518055177
819	0.028407362901672548	0.2682474433405454
820	0.028491434468728465	0.2686440891326887
821	0.028615505573500597	0.2692283833584857
822	0.028680924836755856	0.26953595555237486
823	0.028732339658008296	0.2697774390108043
824	0.028784553974965266	0.270022456490572
825	0.02880748568803026	0.27012999410837407
826	0.028877993701463232	0.2704603715916334
827	0.028956170132068845	0.2708262096134718
828	0.0291093473331692	0.27154159570275227
829	0.029208219026932186	0.2720023586715807
830	0.029243913123630793	0.2721685090639587
831	0.029264509596152594	0.2722643362625471
832	0.02932904675923244	0.27256438385149667
833	0.029389285617622045	0.27284414993770933
834	0.029449239239946693	0.2731223067688232
835	0.029515033455106674	0.2734272355649698
836	0.029590203589839426	0.27377520217216383
837	0.029697463638222524	0.27427095034107385
838	0.029876024398823076	0.27509426364712736
839	0.02991924868079373	0.27529319329921137
840	0.030018566470742525	0.2757497364963795
841	0.03007246279105189	0.27599717055082773
842	0.030244768973755963	0.27678673163958795
843	0.03028957767506372	0.27699169044957633
844	0.030398780739809967	0.2774905605108866
845	0.03042355435300011	0.27760360852833993
846	0.03068101518623766	0.2787757510568494
847	0.030698943020245232	0.2788571876630956
848	0.03076669874949999	0.27916475131827845
849	0.030809415708376635	0.27935848241911004
850	0.030943406543448616	0.27996529150913235
851	0.031079331240888526	0.2805795176606507
852	0.031284794934032766	0.2815054375060734
853	0.03137008286926372	0.28188889337691314
854	0.03152196498815021	0.28257046928312557
855	0.03175417575904836	0.28360935609590987
856	0.0319400085215011	0.28443801917391454
857	0.03217752653538006	0.2854936547619805
858	0.03239558356740509	0.28645937203066263
859	0.0326711465389635	0.28767513098215536
860	0.03273907701396487	0.2879740455127386
861	0.03364603575509646	0.291935616564547
862	0.03370515301843018	0.2921919745584068
863	0.03393199404812793	0.29317357492998886
864	0.03406666814297393	0.29375479316045483
865	0.0344553799307109	0.29542595851721093
866	0.03517967967027842	0.2985149403958993
867	0.03595276897209136	0.301777115961875
