# mode	eigenvalue	frequency_thz
1	-1.4214891836148463e-18	1.8975442463115927e-9im
2	-1.2272523927309415e-18	1.7631411252531778e-9im
3	9.135423879841572e-19	1.5211935781647722e-9
4	2.061878271695275e-18	2.2853443235472115e-9
5	2.7736731758578467e-18	2.650621857753561e-9
6	3.758617951213932e-18	3.0855616174690954e-9
7	8.307638943337758e-6	0.00458731896455612
8	1.6837856482728e-5	0.006530757133402257
9	3.185556774144678e-5	0.008982822260121625
10	9.494748692974128e-5	0.015508216985610654
11	0.00014075987245976073	0.018882503072882105
12	0.0001734827225819613	0.020962749580848188
13	0.00018469483014374406	0.02162955085597691
14	0.0002081805563477052	0.022963612731754124
15	0.0002712315349635647	0.02621140027408566
16	0.0003176875062676497	0.0283674435641214
17	0.000341142552935059	0.029395989210304674
18	0.0003483243557996875	0.029703802800851747
19	0.00042292792987561734	0.032730550891029074
20	0.0004323697648280776	0.03309388778863826
21	0.00047041825889458476	0.034519318799274716
22	0.0005479424951074588	0.03725526210866375
23	0.0005703234962067634	0.03800850290220438
24	0.0005926774156333181	0.03874621829637114
25	0.0006137619541903386	0.039429395029181566
26	0.0006457860212486643	0.04044496386300845
27	0.0006745870912079938	0.04133701808750115
28	0.0007436962434912372	0.043402817790707
29	0.0007714127352649908	0.044204199868573796
30	0.0008254291266317729	0.04572566460755225
31	0.0008450064045502196	0.046264740657430414
32	0.000871506964676502	0.046984603128067265
33	0.0009172755645158093	0.04820255334394985
34	0.0009381082846587149	0.04874685677537359
35	0.0009624367168170983	0.04937489933216396
36	0.0009906862545306877	0.050094287089929704
37	0.0010086531508890317	0.05054649621090655
38	0.0010230681760555092	0.050906403963689555
39	0.0010450058683356613	0.05144930308797886
40	0.0010885056289507914	0.052509208422131755
41	0.001145005081171707	0.05385472823738416
42	0.0012011429220196474	0.05515913855035814
43	0.0012215216480057202	0.05562508859845743
44	0.0012329538470036846	0.05588477950165821
45	0.0012672363740873357	0.05665639624559718
46	0.0012831912205070427	0.05701194027266565
47	0.0013435165836746402	0.05833667168858431
48	0.001385188634435018	0.059234481524145025
49	0.0014174923913442994	0.05992119970107511
50	0.001445110964638723	0.06050213911142226
51	0.0015075120697770003	0.06179460075882455
52	0.0015306671927250756	0.062267369420707507
53	0.0015831107793943331	0.06332508548367886
54	0.0016105593815861868	0.06387170400986981
55	0.0016285575148992542	0.06422759825344544
56	0.0016552901507513385	0.06475259790224411
57	0.0017105014802310907	0.06582363455835546
58	0.001728247290516793	0.06616420126517403
59	0.0017694927722541008	0.0669490668705145
60	0.001808435287045037	0.06768175601432326
61	0.001839929421388491	0.0682685555101812
62	0.0018921382503706884	0.06923035591573112
63	0.0019278499749368246	0.06988061988365458
64	0.0019282805277899895	0.06988842277832416
65	0.0019912319715589565	0.07102006412531271
66	0.0020506957002135646	0.07207269172642558
67	0.0020583425878126726	0.07220694346991227
68	0.002062884710903213	0.07228656872106776
69	0.002099729318222194	0.07292925680485035
70	0.002112405289656267	0.0731490608884135
71	0.0021283720721247726	0.07342499193964899
72	0.002178403060664713	0.0742829685447673
73	0.0021953545556617376	0.07457142920903334
74	0.0022704830336429684	0.07583667128903586
75	0.002286692583463723	0.07610689838358393
76	0.002347519235951334	0.0771124872656729
77	0.0023577368519233748	0.07728012173848305
78	0.00241707735995085	0.07824658764923068
79	0.002444296736669452	0.07868593244952335
80	0.002463593030472332	0.07899591159464076
81	0.0024975136058672997	0.07953788952391917
82	0.0025189639413011953	0.07987872184962735
83	0.002545693473182976	0.0803014128117633
84	0.0025750048544961523	0.08076238911654332
85	0.0026119386117848583	0.08133952173430545
86	0.0026714279101745448	0.08226059779256412
87	0.0026972821405009534	0.08265770066777486
88	0.002704423515061207	0.08276705137173654
89	0.0027196405894838118	0.08299957886993639
90	0.002768762352154347	0.08374578778087413
91	0.0027975300832409344	0.08417972728142047
92	0.0028118885334980984	0.08439547893441943
93	0.00281782472264797	0.08448451578455057
94	0.002858374955036861	0.08509023649015689
95	0.0029170969006920284	0.08595983231714273
96	0.002933718434968438	0.08620438277823689
97	0.002957759355951686	0.08655687133003764
98	0.0030019926673449863	0.08720169872859786
99	0.0030192376855739562	0.08745180617140257
100	0.0030642019245010646	0.0881005910900813
101	0.003066990797283687	0.0881406741959025
102	0.00309173217476494	0.08849547496348868
103	0.003121176979350499	0.08891587962989164
104	0.003137459991214231	0.0891475125915133
105	0.003206252384017981	0.09011954376230416
106	0.0032312966201115817	0.09047082380004243
107	0.0032452775863495236	0.09066633421652635
108	0.003260014210775682	0.09087195643332177
109	0.003275903607209232	0.09109314341586681
110	0.003324156007917806	0.09176156895051625
111	0.0033408425028961892	0.09199159158219976
112	0.003359602865855425	0.09224951748577012
113	0.0034049236148399847	0.09286965206494478
114	0.0034463973796963233	0.09343354081021393
115	0.003483091428660868	0.09392962078177987
116	0.003484443187634048	0.0939478456681642
117	0.003560139254005127	0.09496282473578874
118	0.0035855208423067435	0.0953007365976696
119	0.003590283442089537	0.0953640089459475
120	0.003629607803108259	0.09588484745978933
121	0.003662775636397652	0.09632195531450463
122	0.0036847724675247357	0.09661075354112036
123	0.003724506809494016	0.097130252567402
124	0.0037637649324540608	0.09764081088862829
125	0.0037764011063861794	0.09780457940959489
126	0.003822703704238191	0.09840234552097987
127	0.003834010918329629	0.09854777071007874
128	0.0038392475424816374	0.09861504771516934
129	0.0038740814666244554	0.09906141022881745
130	0.00390699227663051	0.09948128996028302
131	0.003934577752855915	0.09983186805699093
132	0.003956705796952941	0.10011220140551214
133	0.003985885699626204	0.10048067688475705
134	0.004015326777433145	0.10085108600566658
135	0.004042093272078821	0.10118666844763786
136	0.0040630432073452735	0.10144855187488491
137	0.004078964414174581	0.10164712276080003
138	0.004088676292309856	0.10176806002012152
139	0.00411110420484223	0.10204679615935457
140	0.0041255763343712015	0.10222625366677607
141	0.004142230429627554	0.10243237893779131
142	0.004195224803419203	0.10308554007170705
143	0.004217808168475417	0.10336262817792684
144	0.0042336044718567735	0.10355600131212335
145	0.0042556315454203185	0.1038250482153351
146	0.004289818248714061	0.10424124216455964
147	0.004317850464544867	0.10458127461566566
148	0.004335456613573766	0.10479427416002972
149	0.004357813951705489	0.10506413134753458
150	0.004391167098265614	0.10546542657683085
151	0.004405701957601919	0.10563982881397695
152	0.004444802484939217	0.1061075691204541
153	0.004468852952332416	0.10639425158465451
154	0.004493954217072402	0.10669263806205237
155	0.004521174917797644	0.1070152786152067
156	0.0045420542684730045	0.10726209894557989
157	0.004568804082405851	0.10757748807479191
158	0.004587990254430299	0.10780313113252256
159	0.0046214252051274335	0.10819522540988832
160	0.00464803224016642	0.10850623580515506
161	0.004656192741144233	0.10860144565826792
162	0.0046975876166365955	0.10908312630119421
163	0.004715325638431518	0.1092888803938955
164	0.00475651523623792	0.10976517593424001
165	0.004770166785396201	0.10992258014561125
166	0.00481116618926762	0.11039395965869818
167	0.0048299932350457705	0.11060974547123335
168	0.004875756757472475	0.11113251616763203
169	0.004892113418231559	0.1113187677594258
170	0.004917513593254691	0.11160738080633766
171	0.004946738634856001	0.11193853378373546
172	0.004961880524145467	0.11210972392839295
173	0.004975884587461446	0.11226781776665641
174	0.005010370800206808	0.11265619158965433
175	0.005016297941641825	0.11272280660157187
176	0.005083978755508464	0.1134806971800303
177	0.005109894205523466	0.11376956198492644
178	0.005120972200147482	0.1138928185727438
179	0.005144184960402259	0.11415065804050255
180	0.005162967953040318	0.11435886763717551
181	0.005192991896876895	0.11469089826774241
182	0.005209012900059927	0.11486767961709995
183	0.005223730071913565	0.1150298346188134
184	0.005238600894744945	0.11519345071105325
185	0.005270647047848194	0.11554525061999746
186	0.005273794357692476	0.11557974376943642
187	0.005291034526811196	0.11576850620249116
188	0.005342507536974345	0.11633026126629907
189	0.005370823003130872	0.11663813098626574
190	0.005393839921405871	0.11688779292584396
191	0.005401274560334954	0.11696832176058478
192	0.005439132023423141	0.11737752071740827
193	0.005453726453831057	0.11753489053836855
194	0.005463270950259425	0.11763769372849606
195	0.00549235555753887	0.11795040973505794
196	0.0055505576397161605	0.11857371864429019
197	0.005568899761527161	0.1187694737315166
198	0.005573702513799605	0.11882067751065147
199	0.00559059921264562	0.11900064387335552
200	0.005604268466378163	0.11914603588234636
201	0.005624489846087231	0.11936079431568042
202	0.005663896422345055	0.11977820020123875
203	0.005683244427232652	0.11998260837460234
204	0.005729105397518811	0.12046573582236085
205	0.0057456882194526805	0.12063995310799443
206	0.0057658091273732025	0.12085100388941067
207	0.005788007670045434	0.1210834204446047
208	0.0058107227705133145	0.12132078440330746
209	0.005824513625042698	0.1214646671705595
210	0.005830261517621171	0.12152458579582702
211	0.005844741436202981	0.12167540020523393
212	0.005853974210074846	0.12177146588810084
213	0.005892390829194419	0.12217037422218545
214	0.005907549651388155	0.12232742163057485
215	0.005925643259786641	0.12251461026458296
216	0.005974116556465532	0.12301469027392165
217	0.0059964186900124325	0.12324409108523797
218	0.0060051614117546245	0.12333390272067712
219	0.006042484326908855	0.12371657774468361
220	0.00605776016580878	0.12387286127651799
221	0.006062840328186997	0.12392479155708645
222	0.006085402780618388	0.12415516631273399
223	0.006092504010641744	0.12422758529381035
224	0.006117641673045332	0.12448360289882061
225	0.0061427828009766846	0.12473913023464596
226	0.006169173561235946	0.12500679656877184
227	0.006187880674369203	0.12519618548315478
228	0.0062090018579556315	0.12540967045078139
229	0.0062276801263530515	0.12559816101022472
230	0.006268428921358097	0.12600839635807512
231	0.006289003126519274	0.1262150190081891
232	0.00631801579336341	0.12650581396479235
233	0.006324216313774257	0.12656787534197103
234	0.00635938481362593	0.1269193047546705
235	0.006372088101642575	0.1270460063279045
236	0.0064059519732508575	0.12738314610948803
237	0.00642423791684565	0.1275648256730405
238	0.006440980359408741	0.127730943202682
239	0.006446427937668301	0.12778494719012334
240	0.006483668151888318	0.1281535145558321
241	0.0065119634464871415	0.1284328467003016
242	0.006534837364259493	0.12865821552525905
243	0.006545915001047147	0.12876721789312615
244	0.00657112275206651	0.12901491535172968
245	0.006628008860914631	0.12957215202463926
246	0.006640997970779292	0.12969905311896573
247	0.00666583024581788	0.12994131470577044
248	0.006674106334779627	0.13002195524491106
249	0.006689760626873321	0.13017435089457433
250	0.006726965183402521	0.13053582601518635
251	0.006729489822025465	0.1305603188484459
252	0.006747319645108897	0.13073316460369622
253	0.006763673858184532	0.13089150481589898
254	0.006789597158788926	0.13114210048844738
255	0.00682004466410251	0.13143582065967369
256	0.006828571531223629	0.13151795983524908
257	0.00683538148150951	0.13158352315096264
258	0.006853676451236812	0.13175949781523422
259	0.006867424013914582	0.13189157762193332
260	0.006885610385360831	0.132066100361318
261	0.006918058428136586	0.1323769115714558
262	0.006927125125419222	0.13246362870507158
263	0.006959912671661413	0.1327767477934048
264	0.0069832570593506395	0.13299923601064711
265	0.007001796117211251	0.1331756612958363
266	0.007024680099481219	0.1333931128876391
267	0.007045897356161996	0.13359441045525255
268	0.007063672733354345	0.13376282017557234
269	0.007085942219498768	0.13397350980221234
270	0.007114584070294353	0.13424400166993106
271	0.007130250180925025	0.13439172112215267
272	0.007159585362733524	0.1346678936858379
273	0.007163554117341316	0.13470521356890683
274	0.007197807697405952	0.13502688582122524
275	0.007216257656899945	0.1351998305766189
276	0.007238980637872449	0.13541252590202565
277	0.007252781707121224	0.1355415459848907
278	0.007308988899711346	0.1360657384137702
279	0.00731356665929948	0.13610834203158176
280	0.007323396924034995	0.13619978385466566
281	0.007354708966684665	0.13649064236303216
282	0.007384310120505063	0.13676503957976835
283	0.007388923667191835	0.13680775673015388
284	0.0074383609297236026	0.13726466533844073
285	0.007444557590091751	0.13732182883488633
286	0.007453946865010718	0.13740839852707099
287	0.007489844786266317	0.13773887789075276
288	0.007492751662868172	0.1377656041508776
289	0.0075124039560942575	0.1379461544492899
290	0.007525287040986792	0.13806438629355336
291	0.0075570632205017195	0.13835557367032755
292	0.007586796097306788	0.1386274829261716
293	0.007606600590031358	0.138808300863351
294	0.007641752980348774	0.1391286686253836
295	0.007662380068756649	0.13931631440288814
296	0.007689706943826642	0.1395645199970671
297	0.0077160831443268355	0.13980367283587908
298	0.007727759688047902	0.13990941344019167
299	0.00774833151233934	0.14009551387845637
300	0.0077658994702903	0.1402542447351537
301	0.00777528108909258	0.1403389364512743
302	0.0077921235107784375	0.14049085179044546
303	0.007797401036436986	0.1405384202468144
304	0.007824616246129845	0.14078346670320668
305	0.007847489173610948	0.14098908574473662
306	0.00787099725511402	0.14120010256807028
307	0.007899677399562448	0.14145711936775177
308	0.007923530203802567	0.14167052085318665
309	0.007937557709882673	0.14179586935737984
310	0.007956234827493731	0.14196259457482444
311	0.007979412898488124	0.14216922662140605
312	0.00800352822759591	0.14238389600083978
313	0.008015038404819957	0.14248624305488186
314	0.008034856751386918	0.14266229326003482
315	0.008043288857165655	0.14273713143983255
316	0.008074219424039618	0.14301131679996193
317	0.008128723577066642	0.14349319623368842
318	0.008158732351220417	0.14375781884234676
319	0.008160376947158123	0.14377230709871067
320	0.008178627007022344	0.14393298520553446
321	0.0081855014480056	0.1439934630204274
322	0.008203136192610047	0.14414848845043243
323	0.008223530848454192	0.1443275683620942
324	0.00826148485837035	0.14466024201405567
325	0.008303008388323218	0.14502332898433037
326	0.008318474166276756	0.14515833156562494
327	0.008319933064988305	0.14517105998277996
328	0.008346576017204335	0.1454033151028668
329	0.008361822687205233	0.1455360584501116
330	0.008385697788384782	0.14574368132784526
331	0.008416017209347508	0.1460069198274568
332	0.008431262421325577	0.14613910226416865
333	0.008438184711445149	0.14619908199538728
334	0.008463534721970981	0.1464185230874555
335	0.008480819565121901	0.1465679600809978
336	0.008494766769330402	0.14668843036616702
337	0.008511932333487918	0.1468365638567692
338	0.008522917767386704	0.1469312863702245
339	0.008546394615365539	0.14713351237928304
340	0.008558704747133949	0.14723943898668804
341	0.008593059445210383	0.14753465308179017
342	0.00861608909724685	0.14773221940411135
343	0.008635417771500078	0.14789783214746852
344	0.008652611494830672	0.14804499641633515
345	0.008675044327849622	0.14823678353829928
346	0.00868697115773683	0.14833864974045993
347	0.008703513379429843	0.14847981998873647
348	0.008736352927946694	0.14875967360836242
349	0.008741537866696954	0.14880381075548196
350	0.008754738894597587	0.14891612635866383
351	0.008780468771771563	0.14913479550375908
352	0.008802293343577145	0.1493200238285638
353	0.00881453571331478	0.14942382608199967
354	0.008841656050980648	0.14965352123767275
355	0.008864520331655974	0.14984689625875958
356	0.008877633431713477	0.1499576879952178
357	0.008899774210158565	0.15014456845274474
358	0.008917769816746818	0.15029629017335655
359	0.008937674897038004	0.15046393254624574
360	0.008956243227277652	0.15062014847705804
361	0.008972419099350117	0.1507561046521364
362	0.00898170992291406	0.1508341374520596
363	0.0089971067186605	0.15096336496035553
364	0.00902456821053778	0.15119357900293684
365	0.009054704443516118	0.1514458130871925
366	0.00908018548866243	0.15165875689530706
367	0.009085169275504595	0.15170037120119695
368	0.009098134578642357	0.15180857722506091
369	0.00911516291789187	0.15195057553796165
370	0.009129324777948313	0.1520685694577206
371	0.009165601944231858	0.15237040707639168
372	0.009173828664609284	0.15243877288533222
373	0.009193227455361464	0.1525998597306331
374	0.00921562688752823	0.15278565251465803
375	0.009229178847338324	0.15289795005021323
376	0.009255367026970204	0.15311472353605948
377	0.009267919525156692	0.15321851850505214
378	0.009275653362831577	0.15328243360728813
379	0.009292458414984791	0.15342122456482601
380	0.009324611651798861	0.15368642505861496
381	0.009346702227938543	0.15386836364360917
382	0.009361964214301577	0.1539939362229929
383	0.00937598521092201	0.15410920800782532
384	0.00940252957623131	0.1543272032262191
385	0.009409931341914824	0.154387935238268
386	0.009443098682445328	0.15465978275616818
387	0.009461707464277987	0.15481209577173582
388	0.00946944841322568	0.1548754113795707
389	0.00947949717880481	0.15495756474133685
390	0.009512403389775673	0.1552262841039275
391	0.009524658670055716	0.15532624460895206
392	0.009540213042344132	0.15545302168054026
393	0.009563705548893912	0.15564430334544793
394	0.00958526420005336	0.1558196324769086
395	0.009609056891862701	0.15601290157440087
396	0.009618522439327802	0.1560897240996237
397	0.00964461638605163	0.15630130744404683
398	0.009660519193495086	0.15643011535688245
399	0.00968184794074057	0.15660270539968085
400	0.009690710258225155	0.15667436245583002
401	0.00971063784978235	0.15683536919346713
402	0.009730845670318353	0.1569984714494295
403	0.009742419587849695	0.15709181109484613
404	0.009770964060053216	0.15732177568867087
405	0.009796354183833539	0.15752604559473612
406	0.009810587476881592	0.1576404402213984
407	0.009827756073855873	0.15777831586559704
408	0.00984124302094562	0.15788654088764909
409	0.009851563183396061	0.1579693042028983
410	0.009865510111551415	0.15808108378956007
411	0.009867512804632547	0.15809712816151966
412	0.009887444586454724	0.1582567209507878
413	0.009915606386763573	0.15848193713997807
414	0.009927881985258047	0.15858000773705733
415	0.00997284867426766	0.15893873287464513
416	0.009976666028667616	0.15896914882912278
417	0.010022182525054458	0.1593313682603799
418	0.010048962825867473	0.15954410113246137
419	0.010073440835660929	0.15973829762872624
420	0.010086574404073335	0.15984239564883854
421	0.01009297869419245	0.1598931321325181
422	0.010112924941049596	0.16005104853353525
423	0.010118109392260122	0.16009206883858504
424	0.010127262557193019	0.16016446466883075
425	0.010147542672607411	0.16032475128664825
426	0.010194143796830275	0.16069246373678983
427	0.010196991769502553	0.16071490876970754
428	0.010225132989348072	0.16093652302531342
429	0.010237513422873433	0.16103392328313293
430	0.010265890467588638	0.1612569512980857
431	0.01028407942012355	0.16139974441420407
432	0.01029759921309818	0.16150580030652756
433	0.010322860829472653	0.16170377841741537
434	0.010334419676839337	0.16179428561261683
435	0.010388865462573374	0.16221992369409324
436	0.010403889959796476	0.16233718347743833
437	0.010411213441204105	0.16239430942772895
438	0.010425718328389745	0.1625073938101829
439	0.01045217130991602	0.16271342669853275
440	0.010469952670172238	0.16285177290927058
441	0.010486449758617105	0.16298002194411507
442	0.010510796331311025	0.1631691090310911
443	0.010536514071684312	0.1633686075701305
444	0.010562187661423477	0.16356752092620278
445	0.010589719423107425	0.16378056254942858
446	0.010600455219533868	0.16386356141329422
447	0.010618473131130962	0.1640027641910609
448	0.01065937448166994	0.16431832214812203
449	0.01066658753888586	0.16437390875972457
450	0.010675143136737383	0.1644398171474441
451	0.010686981445999664	0.16453097049238077
452	0.010706040869972493	0.16467761941470085
453	0.01072871890752078	0.1648519410752869
454	0.010729122701877702	0.16485504329363115
455	0.010751289630138812	0.16502525499023676
456	0.010787600569006787	0.1653036946570044
457	0.010796472592986084	0.16537165587408276
458	0.010816535849778425	0.1655252409443998
459	0.010834228824761068	0.1656605632578315
460	0.010861681454052214	0.16587031241687844
461	0.010875587654416305	0.16597646025357468
462	0.010893391053100296	0.16611225690481124
463	0.010902706418535387	0.1661832662764719
464	0.010915995310313904	0.16628451264755764
465	0.010947462738151196	0.16652401350054488
466	0.010954412434974525	0.16657686171866162
467	0.010981866088545199	0.16678546632407554
468	0.010983421559658728	0.1667972776495447
469	0.011011141842751527	0.16700762895350063
470	0.01101743052888823	0.16705531286597503
471	0.011021852206580135	0.16708883205405556
472	0.01105152501407589	0.16731359746491284
473	0.011063278054743705	0.16740254089008824
474	0.011079588673731709	0.1675258964369898
475	0.01110959417584829	0.1677525880628945
476	0.011136541905336906	0.16795591742486854
477	0.011157947854142192	0.1681172569958137
478	0.011183548440604072	0.16831000903949614
479	0.011194123525813579	0.16838956662052484
480	0.01119833420092027	0.16842123355235067
481	0.011208615133493636	0.16849852764263687
482	0.011222877612015836	0.16860569710981746
483	0.011253983474904678	0.1688391932255884
484	0.011276167948738853	0.16900552386762696
485	0.011283473491446235	0.1690602621955673
486	0.01129426738382727	0.16914110530100976
487	0.01130345853951846	0.16920991392881543
488	0.011333347450163886	0.1694334809502911
489	0.011348810256331651	0.16954902598519975
490	0.011365105780042812	0.1696707083037799
491	0.011369249215200791	0.1697016343473857
492	0.011385261467179381	0.16982109470931184
493	0.01140930888574702	0.17000034420880009
494	0.011423530267138002	0.17010626152794037
495	0.011448778749525823	0.170294143657531
496	0.011480140290527205	0.17052722678639018
497	0.011498789790044275	0.17066568140551414
498	0.01151323769243095	0.17077286603525535
499	0.011522188435019313	0.1708392351590857
500	0.011556337400122752	0.17109221083638584
501	0.011577640338634293	0.171249833817517
502	0.011588725534181568	0.17133179713900393
503	0.011599640196681926	0.17141246125640974
504	0.011605513868091331	0.17145585454417558
505	0.011637754737634752	0.1716938471061111
506	0.011653219151620698	0.17180788384804982
507	0.011657129904762593	0.17183671029724742
508	0.011682574653932604	0.17202414745723088
509	0.011698535087968556	0.17214161484109614
510	0.011720274791454596	0.17230148830567393
511	0.01174086172581913	0.17245274769136867
512	0.01174398990094354	0.1724757198751805
513	0.01176939405058778	0.17266216554088656
514	0.011789061062658856	0.17280636716518713
515	0.011822678704807531	0.17305257875918262
516	0.011849193205056981	0.17324652097214044
517	0.011862237824577354	0.17334185713846187
518	0.01187789891181893	0.173456246453207
519	0.011910250137951755	0.17369230278502695
520	0.011913002764703527	0.17371237299565986
521	0.011957050689432732	0.1740332244963174
522	0.011976814803237068	0.17417699708546575
523	0.012017977534798436	0.17447605202674696
524	0.012026602134637809	0.17453864642952815
525	0.012057932352243745	0.1747658418163269
526	0.012066073026140923	0.17482482670847763
527	0.012086054840784729	0.17496952466484708
528	0.012100939365077806	0.17507723296288055
529	0.012119264822390235	0.17520974980747178
530	0.01213980695747623	0.17535817706526027
531	0.012173087545783987	0.17559837977234213
532	0.012188164162078742	0.1757070872045079
533	0.01220749457250733	0.1758463675926585
534	0.012223817964870019	0.17596389581794278
535	0.012247123509759086	0.17613155954083856
536	0.012257441538997545	0.17620573810088996
537	0.012287223993896703	0.17641967571464193
538	0.012301994088915483	0.17652567820863246
539	0.012320786545245589	0.17666045656854548
540	0.012337030787960791	0.1767768764926655
541	0.012381854868235587	0.1770977266490747
542	0.012401739750982042	0.17723987638423608
543	0.012420534432161314	0.17737412794513563
544	0.012439314107395665	0.17750817090318086
545	0.012456936796292875	0.17763386369118625
546	0.012481716466180185	0.17781045291816183
547	0.012489107143301455	0.17786308771303408
548	0.01250085936425493	0.17794675241279495
549	0.01253247660007367	0.17817164221111215
550	0.012537553041840026	0.17820772392188974
551	0.012550752354913442	0.17830150620796403
552	0.01257376558936685	0.1784648994057521
553	0.012601198963373725	0.17865948020765995
554	0.01261833506848924	0.17878091656946868
555	0.012624091208408605	0.17882168940643187
556	0.012632255639313701	0.17887950510680167
557	0.012647323830692758	0.17898616014070576
558	0.012671369793171102	0.1791562297449869
559	0.012690386376885791	0.17929061388071973
560	0.01271570183841955	0.1794693540382976
561	0.012732509253661992	0.17958792475858956
562	0.01278272153206772	0.1799416902948757
563	0.012798912867508174	0.18005561651328889
564	0.012805214183039818	0.1800999346382178
565	0.012815619252117187	0.18017309123331768
566	0.012832850450073265	0.1802941761092039
567	0.012838482369897746	0.18033373438841507
568	0.012881444996867067	0.18063521628943768
569	0.012912324241787638	0.18085159497525122
570	0.012937475466255987	0.18102764485277936
571	0.01294308096269833	0.18106685806439
572	0.012970827823103841	0.1812608361113905
573	0.01298690840679451	0.18137316036873924
574	0.012996389811172699	0.18143935620478663
575	0.013037019426120629	0.18172274485319503
576	0.013045183092481668	0.18177963253745072
577	0.013072030759915686	0.18196659237765425
578	0.013100570446580903	0.18216512457768333
579	0.013116779043632364	0.18227778106060533
580	0.013133404366044633	0.1823932616683623
581	0.013144490153403982	0.182470223678974
582	0.013157432956003245	0.18256003678637145
583	0.013183740734732802	0.18274245651588825
584	0.01320367714057083	0.18288057556614873
585	0.013217965410311087	0.1829795002984636
586	0.013232215444899598	0.18307810707120123
587	0.013247219633664304	0.18318187503931216
588	0.013265270181190426	0.18330663357869093
589	0.013285933936545837	0.1834493494612292
590	0.013305011897973331	0.18358101442850186
591	0.013321295689741759	0.1836933210136289
592	0.013327503297185336	0.18373611577032373
593	0.013333368568788476	0.1837765413345819
594	0.01335817501192827	0.18394741802875358
595	0.013371892662354862	0.1840418425627916
596	0.013398018402172142	0.18422154349037387
597	0.01343814129387688	0.18449718035237764
598	0.013470024004834408	0.18471591541690244
599	0.013477736039657788	0.18476878583983256
600	0.01349013942761482	0.1848537864623316
601	0.013506502549555672	0.1849658634493238
602	0.01353626065325751	0.18516951368632606
603	0.01353835393116359	0.18518383064865768
604	0.013583997249232751	0.18549573312896975
605	0.013606044943102694	0.18564620779876012
606	0.013621520197339745	0.1857517530118776
607	0.013639459453839313	0.1858740283486541
608	0.013648220398460045	0.1859337143891174
609	0.013672221620125874	0.18609713042187404
610	0.013678559832594906	0.1861402611768878
611	0.013707798090288412	0.1863390946713927
612	0.01371507817316909	0.18638856957529004
613	0.0137438903890507	0.18658424655838454
614	0.013760740196028229	0.18669858629205655
615	0.013769913985431662	0.18676080853188004
616	0.013779968829421894	0.18682898281811386
617	0.013795446722593021	0.18693387810205603
618	0.01381707713031415	0.18708037108450892
619	0.013873723380835723	0.18746346810501718
620	0.01389349434994728	0.18759699444229264
621	0.013900118637466194	0.18764171135462518
622	0.013946009862464968	0.1879512055588483
623	0.013949115561842458	0.18797213224159398
624	0.013965254441748166	0.18808084102277167
625	0.01399518763656652	0.1882822998268534
626	0.01400422148765129	0.1883430578498076
627	0.014018113363056037	0.1884364507511847
628	0.014034021690841617	0.18854334312497673
629	0.014042233932411649	0.1885984996961951
630	0.01406183472532108	0.18873008100491206
631	0.01408213469491076	0.18886625929426007
632	0.014090927129077169	0.18892521111735014
633	0.014134589368242826	0.18921768717430204
634	0.014153407110208346	0.18934360046445736
635	0.014177380237909458	0.18950388829446793
636	0.014201141345727948	0.1896626248578342
637	0.01422612928140866	0.18982941407612292
638	0.014251624136816103	0.18999943597725036
639	0.0142556526248606	0.19002628752649126
640	0.01426087099008469	0.1900610644625428
641	0.014284645638800343	0.1902194262250032
642	0.014304301426797549	0.19035025297072536
643	0.014338620642085931	0.1905784625657279
644	0.014360763716831782	0.1907255605772446
645	0.014372290321326272	0.19080208774482332
646	0.014390899210125093	0.19092557071744914
647	0.014402408521924443	0.19100190308254583
648	0.014439029689570488	0.19124458026959307
649	0.014450786800873475	0.19132242574601377
650	0.01447079084116756	0.19145480254974567
651	0.01447378761984989	0.19147462586056913
652	0.014493736134569061	0.1916065304903351
653	0.014504413310965839	0.19167709338967723
654	0.01450913994845203	0.19170832231006016
655	0.014539517503753157	0.1919089057064478
656	0.014557874677778726	0.192030016805908
657	0.014562152534726789	0.1920582289117465
658	0.014606924222039464	0.19235324614250895
659	0.014629077819679011	0.19249905719236496
660	0.014653398237042472	0.1926590027920295
661	0.014672817240948034	0.19278661848883052
662	0.014686864569713954	0.19287888056448688
663	0.014697028337091052	0.19294560811622874
664	0.014732136901658643	0.19317592687579202
665	0.014744971894091905	0.19326005831512896
666	0.014760564628895089	0.19336221709176454
667	0.014771936338131338	0.1934366869925376
668	0.014784583778082332	0.19351947760963764
669	0.014795963721300065	0.1935939408846054
670	0.014806010450507197	0.1936596566392079
671	0.014836567110635818	0.19385939114201395
672	0.014842277701552631	0.19389669576795804
673	0.014865833885612027	0.1940505015222263
674	0.01491853730802255	0.1943941780753467
675	0.0149212109910856	0.19441159684521847
676	0.014948313879713977	0.1945880813586236
677	0.015000264145173983	0.19492591661077122
678	0.01501578834674797	0.1950267577244912
679	0.015027509761966793	0.19510286240887398
680	0.015047497337651107	0.19523256910878214
681	0.015048652883615132	0.19524006523492332
682	0.015072583318312398	0.1953952393795026
683	0.015100603789718114	0.19557677841559756
684	0.015142111063389425	0.19584538648616073
685	0.0151712317151932	0.19603361671067804
686	0.01519619447029273	0.19619482734779817
687	0.01520264698568632	0.19623647645243406
688	0.015239154127225592	0.19647195311367627
689	0.015269409338770676	0.19666689021402795
690	0.015277964642957763	0.19672197778878292
691	0.01529189136035733	0.1968116188958924
692	0.015325558077208855	0.19702815058379392
693	0.015344729555256252	0.19715134806459056
694	0.015364235018530783	0.19727661280386002
695	0.015367165165197358	0.19729542343293027
696	0.015393572735922064	0.1974648709661443
697	0.01541452343076933	0.19759920039234902
698	0.015442805949024491	0.19778039450706544
699	0.015463002808646062	0.19790968570147346
700	0.015489805984880551	0.19808113724687618
701	0.015491190261452355	0.19808998800175537
702	0.015507924138601623	0.19819694940271523
703	0.015509724115544871	0.19820845125121309
704	0.015529172301549807	0.1983326825766859
705	0.01553911710856418	0.19839617805925075
706	0.015609705559550498	0.19884628762869835
707	0.015621608288458525	0.19892208542106088
708	0.01562613271915014	0.198950889882635
709	0.01565876432005968	0.1991585132396514
710	0.015677521428181643	0.19927776018853793
711	0.015704726700327357	0.1994505890318756
712	0.015717812945269898	0.1995336696170571
713	0.015729283144387186	0.1996064619811652
714	0.015741121005749804	0.19968155978400978
715	0.015760028133188327	0.19980144551798248
716	0.015794353100399835	0.20001890857807472
717	0.01581722369710664	0.2001636722460091
718	0.015834908087348276	0.2002755371252443
719	0.01585147764464194	0.20038029331687085
720	0.015854011826900494	0.20039631011674708
721	0.01586077865990117	0.20043907228043603
722	0.01587466245158644	0.20052678063497875
723	0.015901009084454035	0.20069311535907336
724	0.01590856795951605	0.20074081151261727
725	0.01593416076833875	0.20090221688381826
726	0.015953295764831007	0.20102281030069497
727	0.01596315060926987	0.20108488972017943
728	0.01602276190026687	0.2014599961230157
729	0.016024762559675883	0.20147257323857237
730	0.016033088771026133	0.20152490741124482
731	0.016061253099458595	0.20170183287334592
732	0.016093741071854222	0.20190572646640612
733	0.016109782363930698	0.20200632526594253
734	0.01614073925249527	0.20220032186487252
735	0.01614410253503844	0.2022213872380118
736	0.016184313975711316	0.20247307531033504
737	0.01621858245542332	0.20268731903798445
738	0.016232244084949173	0.2027726673165511
739	0.016249400846561672	0.20287979987060056
740	0.016261520929271998	0.20295544763247148
741	0.016277323125737854	0.20305403506200617
742	0.01630338463627117	0.2032165242600951
743	0.01633251308740995	0.20339798170349566
744	0.01633907102577793	0.20343881245476175
745	0.016368588762585203	0.20362249314312864
746	0.016384120462767385	0.20371907610726583
747	0.016403882688348543	0.2038419001878601
748	0.016426000730225394	0.20397927817988576
749	0.016442896869531508	0.20408415996259738
750	0.016493070906762233	0.20439529512366778
751	0.016514252815359513	0.20452650456598967
752	0.01651970977199771	0.2045602935631161
753	0.01652890519202496	0.20461721817498038
754	0.016546677371700166	0.2047271926996949
755	0.01655287140301626	0.20476550758200227
756	0.016583082566112645	0.20495228436259233
757	0.016594026019326608	0.2050198989275768
758	0.016649028206356817	0.20535939502161182
759	0.016665472572941053	0.2054607874773697
760	0.016667302085913757	0.2054720647711498
761	0.016681288558312066	0.20555825828652874
762	0.016692886337066712	0.20562970375550677
763	0.016710817263725395	0.20574011430543807
764	0.01673415325450945	0.20588371812658676
765	0.016763105149192728	0.20606174170768118
766	0.01678690314013952	0.2062079591356743
767	0.016831699720533666	0.2064829132753016
768	0.016858368015273687	0.20664642521562918
769	0.016870804802830312	0.20672263496121596
770	0.016883081716318273	0.2067978374898315
771	0.01689600561803031	0.2068769736243031
772	0.016926567017645118	0.20706398804607673
773	0.016946069293806352	0.20718324012374234
774	0.016950894364950668	0.20721273376934154
775	0.01698088627784782	0.20739596775022223
776	0.01699771554070478	0.20749871435716974
777	0.017013071523689298	0.20759242187322577
778	0.017044082491609398	0.2077815326697911
779	0.017052654054865533	0.20783377334298772
780	0.01706464846771941	0.20790685304886206
781	0.01709089337243774	0.20806666879865726
782	0.017130188737910567	0.2083057248098061
783	0.017147212191427258	0.20840920301189522
784	0.017156089205276077	0.2084631421590407
785	0.017181341489611368	0.2086165056324778
786	0.01720797239415187	0.20877811976250452
787	0.017219147314983085	0.20884589940125634
788	0.01725559306168416	0.2090668023661663
789	0.017258524720301992	0.20908456143303847
790	0.017270986761394047	0.20916003573462144
791	0.01732833498526766	0.2095070053640804
792	0.017341539464825462	0.20958681407495752
793	0.017376275903972643	0.20979661832920243
794	0.017412486310654358	0.21001510206180357
795	0.01742697192252443	0.21010244067490966
796	0.017448153275526266	0.21023008483921793
797	0.01746449821591395	0.2103285306114821
798	0.017470186500903213	0.21036278041371848
799	0.017485610151577107	0.21045561989874004
800	0.017526968343619283	0.21070436509781817
801	0.0175584433880485	0.21089347237461215
802	0.01758082845560912	0.21102786244657315
803	0.017608698114355004	0.21119506007264993
804	0.01761662395124372	0.21124258514435523
805	0.017626794044366654	0.21130355161545034
806	0.017676236570715233	0.2115996935433608
807	0.01770325210491432	0.21176133135020755
808	0.017713301476321934	0.21182142670270215
809	0.017723845367562486	0.2118844609660998
810	0.017762459131613423	0.2121151446877182
811	0.01778690964691201	0.212261085657925
812	0.017804893076205832	0.2123683616814112
813	0.017818548217955466	0.21244978211657586
814	0.01785080456242352	0.2126419906708121
815	0.01786782173810956	0.2127433223535574
816	0.017900705144713952	0.21293899560212576
817	0.017922659749902314	0.21306953680116614
818	0.017941613956780237	0.21318217345635845
819	0.017952495759436096	0.21324681242100146
820	0.01796627608896352	0.21332864081083283
821	0.017990927613815905	0.21347494474091036
822	0.0180015331198934	0.2135378563460504
823	0.01803594557134512	0.21374186265382045
824	0.018057744095599956	0.21387098951873448
825	0.018095311199175904	0.21409334119202247
826	0.018146891565520063	0.21439825870812546
827	0.01815150042457779	0.2144254828919701
828	0.018176245216959767	0.21457158946329397
829	0.018190709726529614	0.21465694965590468
830	0.01821920474044084	0.21482500959859702
831	0.018229623014345976	0.21488642243086434
832	0.0182733550640733	0.21514401948743803
833	0.01828030559183465	0.2151849321251611
834	0.01828821103219936	0.21523145617704503
835	0.018313842135407977	0.21538222784387895
836	0.01833562144630318	0.21551025894370335
837	0.018359293021685232	0.21564932763844288
838	0.018391564594189117	0.2158387763101039
839	0.018410452534351338	0.21594957992643712
840	0.01845285612686532	0.2161981281719314
841	0.018467734317648664	0.21628526885244756
842	0.018504236489059078	0.21649891132042198
843	0.01854417041773534	0.21673239819184184
844	0.018562269065051977	0.21683813510361616
845	0.0185791817047238	0.21693689647448297
846	0.018586126738412964	0.21697743898348548
847	0.018610498432175875	0.21711965191879606
848	0.0186548857464759	0.217378420341044
849	0.01867453841600013	0.2174928928113123
850	0.018706701879774496	0.21768010802310928
851	0.018726836370458178	0.21779722378779948
852	0.018756881031363044	0.21797186677372943
853	0.01877288489514871	0.21806483660915812
854	0.018814532867340736	0.21830659291781654
855	0.01882230000888067	0.2183516496634515
856	0.01884448968956585	0.21848031954517502
857	0.018864625835766854	0.2185970161799022
858	0.018876895858045563	0.21866809509455667
859	0.01890490679732753	0.2188302729294582
860	0.018930291423388604	0.21897714118001915
861	0.018936598793118323	0.21901361855726387
862	0.01894886907056333	0.21908456378626068
863	0.01897718591848439	0.21924820068395193
864	0.018987124983201813	0.21930560742533659
865	0.01900877401931192	0.21943059745008117
866	0.019019648922965503	0.21949335650552965
867	0.01902833804786901	0.21954348854058992
868	0.01906227336490064	0.21973916929583787
869	0.019066161138189666	0.21976157618567616
870	0.0190863259456359	0.21987775790559103
871	0.019101890627929607	0.21996739354374478
872	0.019126580613772287	0.22010950612636573
873	0.019132401503047812	0.22014299709956459
874	0.019161401158550435	0.22030977317750328
875	0.019208654170673047	0.22058125359045705
876	0.0192212001203311	0.2206532771052365
877	0.01922800673758717	0.22069234255000986
878	0.019250205275046065	0.22081969933068
879	0.019273815261167716	0.22095507327509634
880	0.01928689876568657	0.22103005521900332
881	0.019316010746333566	0.22119680562470675
882	0.019339025334983148	0.22132854188438933
883	0.019355030389603914	0.2214201091356537
884	0.019363908425436987	0.22147088534868015
885	0.019370894460062033	0.22151083244293884
886	0.019415750592366554	0.22176715446627976
887	0.01943462721558068	0.22187493289073454
888	0.019461703575484345	0.2220294373864551
889	0.01950820599739283	0.222294541266619
890	0.019521725819084266	0.22237155660146518
891	0.019538962523126886	0.22246970640239092
892	0.019555612841139856	0.22256447608503915
893	0.01957713206804472	0.22268689870208694
894	0.01961015246906899	0.22287462059751337
895	0.01963367986017109	0.22300827806242562
896	0.01963594129051086	0.22302112087051054
897	0.019660478323379332	0.22316042073963963
898	0.01967363397926339	0.22323507128215445
899	0.019695814576416545	0.22336087651892908
900	0.019702426584477586	0.22339836519407436
901	0.01976401401190855	0.22374725103911045
902	0.01978169553449828	0.2238473144076313
903	0.019812668537307163	0.22402248927323098
904	0.019832501342936654	0.2241345863175192
905	0.019867001199357064	0.22432944956236983
906	0.019894222301398253	0.2244830813178383
907	0.019897893399762237	0.22450379239278362
908	0.019909724928251653	0.224570528811159
909	0.019929861097950835	0.2246840624615814
910	0.019981524934784146	0.22497509629239285
911	0.019997854895262512	0.2250670082995245
912	0.02002891654682164	0.2252417330502317
913	0.020051531469009804	0.22536885892818856
914	0.020088969344385026	0.22557915200828804
915	0.02010532711133281	0.2256709740496438
916	0.020126789505355718	0.22579139356425607
917	0.020149753681714944	0.22592016808147317
918	0.020155248080627464	0.22595096773635734
919	0.020187609371033984	0.22613228855523768
920	0.02021516551179701	0.22628657151325066
921	0.02023764562265533	0.2264123566266991
922	0.02025499896198921	0.2265094076529873
923	0.020293744383186787	0.2267259470236095
924	0.020304462396186915	0.22678581105935314
925	0.020351819360299804	0.22705012814207068
926	0.020372556485263843	0.22716577303924165
927	0.020391508667199524	0.22727141236458018
928	0.020410388940563247	0.22737660207093685
929	0.020444267926773858	0.22756523382085708
930	0.02045708526897306	0.2276365575891137
931	0.02047681372874885	0.2277462955207773
932	0.020495464156108173	0.2278499883867467
933	0.020513372911166523	0.22794951330142846
934	0.02058507703203585	0.22834756244458512
935	0.020606099628500345	0.22846413314419303
936	0.020632333952443436	0.2286095196009995
937	0.020639392469541225	0.2286486209993046
938	0.020645297607662757	0.22868132799704033
939	0.020683655389198575	0.22889366782460607
940	0.020705504531420865	0.2290145316219225
941	0.020722503386706746	0.22910852078758806
942	0.020744498624935777	0.2292300784949315
943	0.020790115567345006	0.22948197740085943
944	0.02080728608049819	0.22957672218614472
945	0.020828347789885956	0.22969288474584967
946	0.02084611517930923	0.22979083233682485
947	0.020864395934749837	0.22989156644066938
948	0.020892605666393147	0.23004692652930125
949	0.020947347195821246	0.23034810682861456
950	0.020957740472811924	0.23040524472698395
951	0.020963558723803632	0.2304372248566552
952	0.020984121478782803	0.23055021289621613
953	0.021001488213100262	0.23064559635603704
954	0.021025091353283808	0.23077516887867172
955	0.021034649944462046	0.2308276213222567
956	0.021075843772987046	0.2310535348181239
957	0.021094314724867228	0.23115476075489702
958	0.021124522870250156	0.23132021430438388
959	0.021149286765767127	0.23145576083991107
960	0.021166031569202076	0.23154736947025326
961	0.021172784957782707	0.23158430612136593
962	0.02122660711340702	0.2318784680702643
963	0.02124916029645692	0.2320016203276828
964	0.02126077750196153	0.23206503088571753
965	0.021296347727958225	0.23225907731460238
966	0.021303739847523855	0.2322993832377462
967	0.02131928471317395	0.23238411963241298
968	0.021343992478781697	0.23251874023133404
969	0.02137132625422795	0.23266757793218898
970	0.021389471680380193	0.23276633073155817
971	0.021403386020376274	0.23284202833078785
972	0.02142084476530456	0.232936973610324
973	0.021430325167523964	0.23298851433944545
974	0.02144317772791006	0.233058369791544
975	0.021477417703049617	0.23324436670613857
976	0.021506057577438748	0.23339982915478877
977	0.021558660284167742	0.2336850967910554
978	0.02157988915213644	0.2338001236377195
979	0.021626656369256186	0.23405332844868842
980	0.021637702264635145	0.23411309262357355
981	0.021645639252772002	0.2341560265369982
982	0.02166920344591993	0.23428344705110765
983	0.021712578219733256	0.23451780987328394
984	0.021731302572048666	0.2346189090552304
985	0.021755458921784834	0.23474927312982524
986	0.02177385682596839	0.23484851217478
987	0.021785173001262478	0.23490953126170772
988	0.021827877754182008	0.23513966122382804
989	0.02185955014185208	0.23531019394763186
990	0.021877153335107757	0.2354049209024766
991	0.021901207935193533	0.23553430280734203
992	0.021915066559099236	0.23560881159964564
993	0.021940039083606432	0.2357430131455847
994	0.021962267147316045	0.23586240181535328
995	0.021984979634356385	0.23598432997105287
996	0.021994669559938375	0.23603632953452228
997	0.022037499069681814	0.23626603072747834
998	0.02205293780928954	0.23634877630317078
999	0.022085333827461112	0.23652231212444985
1000	0.022128250506814565	0.23675200812556058
1001	0.02214402013138829	0.2368363533691237
1002	0.0221585764202459	0.23691418232687023
1003	0.02217482457495219	0.23700102709544285
1004	0.022192968944589588	0.23709796934919827
1005	0.02223161920719554	0.2373043390425684
1006	0.022274204036517826	0.23753150940721748
1007	0.02229074861795054	0.23761970851683636
1008	0.022304687627391854	0.23769399192874727
1009	0.02232830709887067	0.23781981124209364
1010	0.022335721642538813	0.23785929428497668
1011	0.02234128090635259	0.23788889351438164
1012	0.022385527834216913	0.23812434658205214
1013	0.022392530210905485	0.2381615872942052
1014	0.02241909655433234	0.238302822049058
1015	0.02244463482219476	0.23843851237744135
1016	0.022462003894324005	0.23853075390493167
1017	0.022514024849711527	0.2388068072267881
1018	0.022534731752122235	0.23891660129512965
1019	0.022557700821536946	0.23903833104115874
1020	0.022565591394931542	0.23908013460521643
1021	0.02257949438136656	0.23915377362463797
1022	0.022627206084507894	0.2394063127714955
1023	0.02262814885614128	0.2394113001996542
1024	0.022642248091374027	0.23948587524811796
1025	0.022677899951818518	0.23967434502021806
1026	0.02270280735033796	0.23980592744629634
1027	0.02271196042963052	0.23985426379175273
1028	0.022756012890457887	0.24008676357924638
1029	0.02278054774982819	0.24021615593206022
1030	0.022804770108804082	0.24034383188018002
1031	0.022820285423266886	0.24042557741120363
1032	0.022835360181784663	0.24050497517292121
1033	0.022867874990961344	0.24067613935899024
1034	0.02290349679117644	0.24086351971772493
1035	0.02291222663391153	0.2409094188295505
1036	0.022926714236372332	0.24098557136588317
1037	0.02294435904217354	0.24107828691481017
1038	0.022972166551668005	0.24122433058505316
1039	0.02301614360039252	0.24145511556393276
1040	0.02305245446003007	0.24164550340108254
1041	0.023070120171432097	0.2417380753702372
1042	0.02310814226086318	0.24193719879626316
1043	0.02312924598734789	0.24204764928639239
1044	0.023167017273728843	0.24224520699323812
1045	0.023195721614396772	0.2423952335660204
1046	0.023209621001463055	0.24246784697001422
1047	0.02322531221154463	0.24254979512204108
1048	0.02324989341968002	0.24267811611547616
1049	0.02330772312687972	0.24297973660572242
1050	0.023324004787239044	0.24306458879993653
1051	0.023334141604248376	0.2431174020631491
1052	0.023357216331843296	0.24323757964952422
1053	0.023400738958750018	0.2434640923332064
1054	0.02342408852562935	0.24358552789420032
1055	0.023470733721191305	0.2438279374070498
1056	0.023495653381272078	0.24395734319052936
1057	0.023518081247921586	0.24407375062978173
1058	0.02352075922109167	0.24408764641369116
1059	0.023542547743785256	0.24420067588875033
1060	0.023569212582371605	0.24433893044237925
1061	0.023607237961958523	0.24453595306511478
1062	0.023616896966817163	0.24458597442739757
1063	0.023647299905882574	0.2447433562549432
1064	0.02365121551655033	0.244763618188296
1065	0.023686067485427387	0.24494389124272664
1066	0.023698042097731215	0.24500579973634548
1067	0.02370057719393444	0.24501890412404384
1068	0.023709138737008917	0.2450631551663931
1069	0.023740446524688524	0.24522490406310302
1070	0.023755401453285706	0.24530212972870824
1071	0.023795163148436764	0.24550733675367645
1072	0.023817458830141972	0.2456223280188809
1073	0.023830611000263836	0.24569013585720437
1074	0.02385696874689294	0.24582597057617764
1075	0.023885968463919372	0.24597533402986857
1076	0.02393632434237741	0.2462344774424724
1077	0.023940839112760088	0.24625769821134033
1078	0.023952287244361107	0.24631656944766278
1079	0.023986903465501145	0.24649449546992713
1080	0.024007593824882958	0.24660078181051215
1081	0.024041523706007026	0.24677498046295918
1082	0.024075832491988827	0.24695099949716562
1083	0.02411034415136744	0.24712793287510393
1084	0.02412245080443372	0.24718997090820258
1085	0.02414589611150495	0.24731006727224314
1086	0.024168704821853033	0.2474268467900502
1087	0.02418380601555387	0.2475041338704966
1088	0.02420916629630032	0.24763387212692697
1089	0.024246373576331415	0.24782409440151162
1090	0.024288860398109874	0.2480411299417123
1091	0.024304656292313945	0.24812177173761146
1092	0.024320506519712834	0.2482026645812886
1093	0.02435457504451473	0.24837644672297002
1094	0.024388248423597585	0.24854809384182702
1095	0.02439066217016181	0.24856039315200695
1096	0.024403018848335727	0.24862334740597633
1097	0.024413470929636295	0.24867658576268178
1098	0.024471320806570114	0.24897104200438158
1099	0.02449099656265974	0.24907111239396312
1100	0.024567849396321777	0.2494615993115095
1101	0.024589978239635865	0.24957392200709988
1102	0.02461513566992042	0.24970155598508748
1103	0.024666260487426712	0.24996073239010846
1104	0.02469009427759006	0.2500814655922568
1105	0.02472000976316305	0.25023292397880936
1106	0.02475156655872499	0.25039259282169185
1107	0.024764567342569512	0.25045834366250624
1108	0.024780200503709673	0.2505373847751061
1109	0.024797409576829313	0.25062436485986633
1110	0.024849193334272275	0.25088591441409364
1111	0.024865891544863235	0.2509701956666472
1112	0.02487653781208888	0.2510239160376584
1113	0.02487906167015799	0.25103664957542804
1114	0.024931214738998318	0.251299631310392
1115	0.024974872786491582	0.25151956548739
1116	0.02498201494524484	0.25155552691689714
1117	0.025017468257741222	0.2517339615787333
1118	0.025035492936828926	0.2518246303633491
1119	0.025041414356910395	0.2518544095105941
1120	0.025099294067313725	0.25214530455504075
1121	0.025115819976643673	0.25222829981292866
1122	0.02513996914343166	0.2523495309696754
1123	0.02516848846192115	0.2524926257503193
1124	0.025191055856367515	0.2526057994905032
1125	0.025212950326084643	0.2527155501268758
1126	0.02525358085131029	0.2529190929895603
1127	0.025285934337502636	0.2530810540846337
1128	0.025294133755586732	0.2531220837960073
1129	0.02533590940489395	0.2533310250663159
1130	0.025339390524834794	0.25334842813993064
1131	0.025374404513844956	0.25352340623947917
1132	0.02538479425747686	0.2535753044745095
1133	0.025426734006038523	0.25378469154684086
1134	0.02544198449306298	0.2538607878315387
1135	0.02546642427117098	0.25398268893689857
1136	0.025520451116720952	0.2542519574716275
1137	0.02556875014185773	0.25449243748702494
1138	0.02559862834127193	0.2546410868288092
1139	0.025613958758990994	0.25471732470151354
1140	0.025649548880377626	0.2548942257756129
1141	0.025657525897845108	0.25493385878507707
1142	0.025695333627608175	0.255121618945442
1143	0.025709308452093783	0.2551909855330071
1144	0.02573619078747946	0.25532436790940977
1145	0.025785646377701515	0.2555695704145129
1146	0.02584275635602781	0.25585243127035917
1147	0.025869407324726906	0.2559843242843639
1148	0.025896178647318215	0.2561167445358881
1149	0.02593324331024003	0.25629996628883384
1150	0.025935357990869577	0.25631041584038194
1151	0.025954577787110994	0.2564053696413161
1152	0.025982522184091382	0.2565433639082875
1153	0.0259974684791985	0.25661714084054504
1154	0.026039948361677737	0.2568267115635714
1155	0.026042399017151576	0.2568387964373622
1156	0.02613605052624018	0.2573001931581931
1157	0.02616153148037235	0.257425588102836
1158	0.02617811747039899	0.2575071770138455
1159	0.0262202749960234	0.2577144397847534
1160	0.02623457741542177	0.25778471817612003
1161	0.02626053065293857	0.2579121967720374
1162	0.026372314838422284	0.2584605461062068
1163	0.02638656657353593	0.25853037338057183
1164	0.026405634270882893	0.25862376727966785
1165	0.02642101060503245	0.25869905626295603
1166	0.026463684809087003	0.2589078923729952
1167	0.02647402085608247	0.2589584488792162
1168	0.026487301542890827	0.2590233939601139
1169	0.026517024861751594	0.2591686876628062
1170	0.02655523128937304	0.25935532899215397
1171	0.026560584550216437	0.25938146935499856
1172	0.026605930300081806	0.25960279037605793
1173	0.026618135727121756	0.25966232972633874
1174	0.026639813180276965	0.2597680409696885
1175	0.026670134793968955	0.25991583378853
1176	0.02667644595137616	0.2599465849024729
1177	0.026703382175228236	0.2600777907753194
1178	0.026717108533341957	0.26014462617140943
1179	0.026750963177967994	0.2603093954173082
1180	0.026781919656818174	0.2604599681707615
1181	0.0267924768841048	0.26051129877346946
1182	0.026831967029999362	0.2607032153556618
1183	0.026867906553275582	0.26087775369463617
1184	0.026966089831497213	0.2613539812628224
1185	0.026973178925855965	0.26138833257763905
1186	0.02703711601569081	0.2616979460146606
1187	0.027073513531746782	0.26187403638683787
1188	0.027091245213954333	0.2619597789915112
1189	0.027152287427569633	0.2622547378842298
1190	0.02720063856566582	0.2624881376487848
1191	0.027221927698519822	0.26259083839660746
1192	0.027238024730561212	0.2626684653100489
1193	0.027258580005278418	0.26276755847605193
1194	0.027296704070385525	0.26295124866131836
1195	0.027340316545317028	0.26316122598537467
1196	0.027369485711178154	0.26330157086964695
1197	0.02741339937063654	0.26351271662164977
1198	0.027455453646264748	0.26371476361014656
1199	0.02747906305717601	0.2638281256470618
1200	0.027503522101330814	0.2639455159025748
1201	0.02753484162829146	0.26409575659914164
1202	0.027556375457822895	0.26419900545063346
1203	0.0275751869115893	0.26428916824221427
1204	0.027622924235557074	0.26451783400068046
1205	0.02766900734737884	0.2647383885845505
1206	0.02770611114168686	0.26491583455750567
1207	0.02773047436416621	0.26503228513295274
1208	0.027765552698948787	0.2651998616568923
1209	0.027832411988450007	0.26551896953256854
1210	0.02786433375264087	0.2656711914283505
1211	0.02787775468954621	0.2657351643747811
1212	0.027917364528537943	0.2659238809877551
1213	0.02794498549020459	0.26605539872900347
1214	0.027994273578278373	0.26628992353911884
1215	0.028031574991181092	0.26646727559153166
1216	0.028073443728311633	0.26666620279162084
1217	0.028113885803302825	0.26685821082367644
1218	0.028130661984402623	0.2669378190650009
1219	0.02816353969059712	0.26709376527707407
1220	0.02818291899393154	0.2671856429501815
1221	0.028200930345660853	0.2672710068182162
1222	0.028226508779372512	0.2673921876479003
1223	0.02830951127409676	0.267785044000726
1224	0.028390673989725723	0.2681686360313611
1225	0.0284135248249565	0.26827653492760156
1226	0.02845285771185199	0.2684621585236978
1227	0.0285103614691528	0.2687333051151148
1228	0.028533151150704112	0.2688406892861525
1229	0.02857396809837691	0.26903291016558034
1230	0.028646282083955085	0.26937312452719075
1231	0.02868992844866794	0.26957825904723737
1232	0.028696145540568548	0.2696074661961338
1233	0.028742758678355223	0.2698263483911198
1234	0.028774549011351024	0.2699755250764442
1235	0.028822915940702007	0.270202329752389
1236	0.028866711909539877	0.27040753593177186
1237	0.02892414129997836	0.27067638580807135
1238	0.02896846414651817	0.27088369629050024
1239	0.028979909939892565	0.27093720573100416
1240	0.029076661876434127	0.27138910252193466
1241	0.029098207626566668	0.27148963330176584
1242	0.029121711771177783	0.2715992593586373
1243	0.0291275895656992	0.2716266671584703
1244	0.02921727972421776	0.2720445443989847
1245	0.029235907631150214	0.27213125358316864
1246	0.02930508726479587	0.27245302941228317
1247	0.029316923849982437	0.2725080469572879
1248	0.02934405977738519	0.2726341353601768
1249	0.029365589977932666	0.2727341350082497
1250	0.02946563972876675	0.2731983480517892
1251	0.029482492479473134	0.2732764642161328
1252	0.029493019397056005	0.27332524744015246
1253	0.0295342708953182	0.273516328861789
1254	0.02958909903289156	0.27377009232013316
1255	0.02962625015923838	0.2739419068915605
1256	0.029704608625081192	0.2743039421228627
1257	0.02971395063648769	0.27434707262058333
1258	0.02978788591582898	0.2746881804991671
1259	0.029813417941030297	0.2748058767226785
1260	0.02991868109080627	0.27529058203041135
1261	0.029932167627995224	0.27535262183686393
1262	0.03003132444380895	0.2758083274687932
1263	0.030072079974199542	0.27599541384893955
1264	0.030164841124541184	0.27642075754987105
1265	0.030193894430844418	0.2765538430198615
1266	0.030241677160233876	0.27677258382394215
1267	0.030271901416024625	0.2769108558559834
1268	0.03037786830697204	0.2773950961380324
1269	0.03042509218493775	0.2776106245116733
1270	0.030454226468277164	0.2777435090935516
1271	0.03061607291461322	0.27848055350691603
1272	0.030670424423416626	0.27872763167953696
1273	0.030698808922317078	0.2788565786158732
1274	0.03070690622966621	0.27889335265739307
1275	0.030781756578774033	0.2792330573297827
1276	0.03081226234892746	0.27937138780530313
1277	0.030848136180463292	0.2795339725348555
1278	0.030945222361680215	0.27997350583779834
1279	0.031082387582718245	0.2805933134181589
1280	0.031089058425135978	0.28062342200220636
1281	0.03124486033644914	0.28132571128154016
1282	0.03132018790655309	0.2816646282234002
1283	0.031373068443916886	0.28190230711756536
1284	0.03137685225259227	0.2819193062873685
1285	0.03150453840496626	0.28249235044509535
1286	0.031540989938030735	0.28265572853193377
1287	0.0316673118750511	0.2832211822524954
1288	0.031735175665582614	0.2835244946492954
1289	0.03177277108161814	0.2836923851066105
1290	0.03192263059509356	0.2843606300980209
1291	0.03194222227716661	0.2844478761745115
1292	0.03198000871835086	0.2846160719880095
1293	0.03205272799461782	0.2849394821932756
1294	0.03218212310010836	0.28551404544055436
1295	0.032398442322890436	0.2864720110873697
1296	0.03242328974497659	0.28658184239736745
1297	0.03252017645667095	0.28700970244863944
1298	0.032669422380575526	0.28766754012467644
1299	0.03267240570407153	0.2876806745126965
1300	0.03274159498836372	0.2879851193944522
1301	0.03288290890990379	0.2886059274125361
1302	0.03305504928116542	0.2893603600910502
1303	0.033321434801635325	0.2905239755996658
1304	0.033647690232013826	0.29194279415308927
1305	0.03370644862432924	0.2921975903467078
1306	0.033793600551085504	0.2925751018352213
1307	0.03393230806171139	0.29317493147083523
1308	0.034015273051041094	0.2935331211567028
1309	0.034066958707583916	0.2937560459182024
1310	0.03445558038292089	0.2954268178706742
1311	0.03464113192063234	0.2962212218141105
1312	0.035179753468883926	0.2985152535024281
1313	0.03519222062655361	0.2985681433993311
1314	0.035927005420153625	0.30166897069273685
1315	0.03595279704189833	0.3017772337667615
1316	0.036054130324360334	0.30220221545025555
1317	0.036729721842096004	0.3050204457565535
