0 8.09687698069e-06j -0.0137582838314 0.0769453140134 0.0115247353402 -0.0137587898479 0.0769460325815 0.0115250228256 -0.0137611290264 0.0769489267878 0.01152585847 -0.0137605197788 0.0769505461189 0.0115283790715 -0.0137599114054 0.0769453372692 0.0115230200214 -0.0137596495848 0.0769447687161 0.011522644245 -0.0137565467272 0.0769435434363 0.0115245517418 -0.0137574144809 0.0769421631017 0.0115220301932 -0.0137582995033 0.0769467434946 0.0115263679816 -0.0137609781202 0.076944154489 0.0115205134518 -0.013759245705 0.076944154257 0.0115223675599 -0.0137569854256 0.0769458927259 0.0115267929027 -0.013763700646 0.0769495528078 0.0115238281532 -0.0137652453056 0.0769508606032 0.0115236837603 -0.0137640129262 0.0769488545751 0.0115226882299 -0.0137638784437 0.0769480117769 0.0115218597155 -0.013769452464 0.0769529526879 0.0115215943941 -0.0137690671487 0.0769533564852 0.011522472759 -0.0137685437784 0.0769503553673 0.011519570113 -0.0137682870108 0.0769519546605 0.0115216903118 -0.0137650286097 0.0769524767146 0.0115257804693 -0.0137634612842 0.07694664444 0.0115207285305 -0.0137622191663 0.076948923927 0.0115246882857
1 1.12283235058e-05 -0.0724157842872 -0.0169412355932 0.0266991128389 -0.0724110839727 -0.0169453782868 0.0267013664382 -0.0724084447236 -0.016953675364 0.0267020754503 -0.0724123864064 -0.0169593690144 0.0266993313023 -0.0724127850037 -0.0169396688665 0.0267009431884 -0.0724016500365 -0.0169432528997 0.026706862454 -0.0724184210506 -0.0169362519401 0.0266980964649 -0.0724073467498 -0.0169344360774 0.0267044848564 -0.0724191884658 -0.0169452444322 0.0266968275399 -0.0724018261157 -0.0169382027668 0.0267072341658 -0.0724050569157 -0.0169399493409 0.0267052570414 -0.0724143183484 -0.0169467062086 0.0266994263164 -0.0724030301272 -0.0169538620283 0.0267050988162 -0.0724044600442 -0.0169554249956 0.0267041501521 -0.0724085291042 -0.016947859428 0.0267025700133 -0.0724001819908 -0.016948775634 0.0267071722573 -0.0723983663418 -0.0169586413269 0.0267072725789 -0.0723946502708 -0.0169627594499 0.0267089757296 -0.072393900919 -0.0169522076715 0.0267103798088 -0.0723973394165 -0.0169573923431 0.0267079656706 -0.0724078871171 -0.0169606056018 0.0267017428091 -0.0724059740519 -0.0169413660138 0.026704609975 -0.0724151507557 -0.0169483722146 0.0266988036048
2 1.37570539499e-05 -0.0284816565978 0.00591931701502 -0.0734736267115 -0.0284789144845 0.00591844783663 -0.0734693022812 -0.0284769696059 0.00590926286712 -0.0734677716745 -0.0284793055952 0.00590483623072 -0.0734723822179 -0.028479649619 0.00591813641939 -0.0734705592515 -0.0284734415608 0.00592347374268 -0.073459458883 -0.0284834813757 0.0059249985504 -0.0734755893424 -0.0284770847164 0.00593083007131 -0.0734640921916 -0.0284835672152 0.0059147200275 -0.0734775727972 -0.0284732786151 0.00592319423311 -0.0734592427729 -0.0284754364138 0.00592437889393 -0.0734625559236 -0.0284810884905 0.00592006315649 -0.0734725646873 -0.0284734186996 0.00590618655756 -0.0734625215665 -0.0284739180051 0.00590055479301 -0.0734643472924 -0.028476448458 0.00590569140982 -0.0734675606321 -0.028471782526 0.00591062408952 -0.0734590524873 -0.0284696628699 0.00589203083819 -0.0734589234569 -0.0284676497949 0.00589275541404 -0.0734555043921 -0.0284673317223 0.00590095957314 -0.0734535134856 -0.028469315347 0.00589629054819 -0.0734575917711 -0.0284758873057 0.00589579697485 -0.0734684180989 -0.0284751208602 0.00591259876156 -0.0734641528269 -0.0284805245667 0.00590568406385 -0.0734742218378
3 0.000948857336334 -0.0395602989444 0.0669561979954 -0.0430923581417 -0.031101039776 0.0692809167596 -0.0200162892592 -0.00929749700332 0.00803894504489 -0.0165562988864 -0.017925814378 -0.0173771241234 -0.0592940240902 -0.0233356206725 0.0527161343682 -0.0144124851575 -0.0154161527904 0.108631604014 0.0519655540031 -0.0563653353739 0.105198106533 -0.0532245975095 -0.0391271657458 0.152428895041 0.0292043075576 -0.0425156223729 0.0359574879574 -0.076305099746 -0.00455101406946 0.0939437225658 0.0668791820036 -0.0218555333043 0.108654734043 0.0358932074156 -0.0490063486571 0.0867917480396 -0.0501708176561 0.0169503720824 -0.0187420260338 0.0267220055417 0.0284725787622 -0.0648161164071 0.017127213027 0.014557795325 -0.03764225078 0.00499582772926 0.0210072169173 0.00823910891906 0.0593399291584 0.0689083266316 -0.132494142979 0.0617854274188 0.0690788964595 -0.116120471577 0.0758539009508 0.0654149365434 -0.0690138477962 0.105946247594 0.0601676807307 -0.0978065354591 0.068844188707 0.0235682138205 -0.0944046682625 -0.0197810672845 0.0122958239913 0.00779964078126 0.0372045916327 -0.00632909592615 -0.0364671275401 -0.0462200250947
4 0.00144047010345j -0.0357542113927 -0.0274195917112 0.0448013339368 -0.0692550999943 -0.0169432966784 -0.00830834789862 -0.0276877536569 0.0106393951242 -0.0490974009386 -0.00502639354185 0.0279035657732 -0.0771887751233 -0.0187990102871 -0.030043369387 0.0646393906528 -0.141074132726 -0.0263790485525 -0.0383148407733 -0.0596579188406 -0.0441330600092 0.0704968867553 -0.148121406044 -0.0535580092433 0.0277586417977 -0.000263567925352 -0.013951575029 0.0364811133645 -0.100229189228 -0.0379628094442 0.0233112477959 -0.117882337565 -0.0349212947344 0.00184232015418 -0.0889869965411 -0.0152644668253 -0.0277813841281 -0.00785047386726 0.0138044395543 -0.0422781809492 0.0522466515125 0.0224597979519 -0.0191660793791 0.0579108211819 0.000180534372621 0.043728028596 -0.0319350154613 -0.00204672627683 -0.0189877427652 0.113148562813 0.037553147184 -0.0123649618681 0.0635881907469 0.0465586723065 -0.0738649237751 0.0405002531406 0.014563290391 -0.00737148405196 0.0683396180424 0.0308499793372 -0.0289411907905 0.0811457803202 0.0388156771766 -0.0401088714749 0.0154109726058 -0.0211569908911 0.0673870712219 0.073348424868 0.0013884071577 0.052334725207
5 0.00173720446223 -0.067269845821 0.0174591812795 0.0185248646055 -0.022979865095 -0.0397238861692 0.00446827546629 -0.00180634702402 -0.06833433606 -0.0023035415524 -0.0386153938961 -0.109622939594 0.00576227745603 -0.0413544595006 0.0565050266308 0.013252364261 0.0661942592559 -0.0632463982524 -0.0201031098586 -0.0895021408092 0.032744726359 0.0250344545081 0.0154319001971 -0.00509782218014 -0.00429322806259 -0.100033848128 0.0054725310932 0.0267127464563 0.0621119565744 0.0219173740756 -0.0155541197833 0.0341587528918 -0.0200933821625 -0.0098627822369 -0.0508379682196 -0.0799125333232 0.010208657386 0.0456379212503 -0.0358576265994 -0.0135444161459 0.0291096170508 0.00378259324935 -0.00755353250091 -0.00780379451873 0.0672485985439 0.00480556315438 0.0727069001269 -0.00454741729952 -0.0194373762174 0.0801432671327 0.0499774730108 -0.0191862933547 0.1165712572 -0.0252012893386 -0.0318937724896 0.124718457195 0.0513115091945 -0.0309355712889 0.0921143542103 0.0210785208645 -0.0235330254241 -0.00345667977235 -0.0253596179942 -0.00011658221599 0.017758510759 0.0928820541464 -0.000919588394228 -0.0682543429606 0.0590134808379 0.0204776637151
6 2.07996726714 0.0147990716068 -0.0133983526778 0.000538799141376 8.26252431179e-06 0.00360576822239 0.00130245964837 0.00341386663578 0.00101705947065 -0.000460314061601 -0.00193318949391 -0.00527999721113 0.000125263847462 0.0188543353428 -0.0282750519925 0.017414316477 -0.0300738472077 0.0160973792869 0.0171038693516 0.00721776060746 -0.00379892862166 0.000287584066135 -0.0217070925397 0.00514756243346 0.0171939799611 0.0295363019452 -0.0207491437916 -0.0183178112526 -0.0220278279575 -0.0102059877965 0.0257138944467 -0.0197567729299 0.00357291816324 0.0166033323315 0.0011172890776 0.0178574826273 -0.00876116229715 0.00662977048825 0.000983514079742 0.00123882394665 -3.91078406755e-05 -0.000130359215086 -0.00128888256589 -0.00279209816646 0.00558381232875 -0.00659412515795 0.00977675964339 0.00440230179332 0.000123409841957 -0.00257967584462 -0.0023127115334 -0.00081786678203 0.00404654843767 -0.00580328004982 0.00548220188011 0.00661685673247 0.00246411574229 -0.000219916403791 0.00218313270226 -0.00153839608438 0.000955760302872 -0.00434458131778 -0.00390148720865 -0.000192900499237 0.00495369478453 0.00441529701787 -0.0140991228077 -0.00880651854309 0.00447345560415 0.00105567992111
7 2.4595403538 0.00213507953745 -0.00223323746672 0.00491972736092 0.00151106417813 -0.00379716954167 0.000427814271028 0.00118499021188 0.00529987801517 -0.00216288040995 0.0107138665108 0.0155773805952 -0.00559774900362 0.00114722273302 0.000208689451674 0.00191440120609 0.000127658909254 -0.0110937807477 -0.0122596621103 0.00276740197136 -0.00642187449185 0.00683290119328 0.000275284541495 -0.0154874857609 -0.00470517651174 0.00192741564188 0.000852988490917 0.00850847558649 0.000807125166246 -0.00525933079806 -0.0105106946605 0.000583106069323 -0.00928185733359 -0.007332585076 0.00243330830156 -0.00724777375025 0.00394899121161 -0.00509122123425 0.000541877266672 -0.000310539895817 -0.0012194438348 -0.00544058789818 -0.000659368247456 -0.0062287910068 0.00331479573482 0.000139193675976 -0.0120047119676 -0.0064971203135 0.00209218138816 0.0134173787395 -0.0164554150898 0.00840385797337 0.0136972725112 -0.0175449787764 0.00790058292892 0.012502980902 -0.00368795003862 0.0171739973675 0.0103258921274 -0.0111604811606 0.00889741881041 -0.00319655484657 -0.0126101618273 -0.00829962937432 -0.00130737902795 0.00585339641728 -0.00265175825075 -0.0135764242917 0.00224273246388 0.00340961994376
8 4.78371909948 -0.00444967998225 -0.00061340685278 -0.000207117178111 -0.00187794412814 -0.00216503247232 0.00219343300547 -3.76617506448e-06 -0.00449655939979 0.00180247987133 0.00948244340647 0.00346243012614 -0.00767397837226 -0.00226697479183 -0.000575552980671 0.00203065888165 0.00224204144607 -0.000189370015287 0.00659065706083 -0.00672358755727 0.00427347253681 -0.0014361163086 -0.000489436561498 0.0044662151546 0.00466303889348 -0.00647202546258 -0.00441206233693 -0.0033011341168 0.0023026830008 0.00125856005806 0.00675700618808 0.000712038428768 0.00100142533306 0.00527385193323 -0.00333680738236 -0.0020336923183 0.000748593325123 0.00353452586312 -0.00362677460687 0.00272210841024 -0.000795418511327 -0.000449239841615 0.00206857240328 -0.000789240672316 0.000173545174219 -3.63146171529e-05 0.00370612526236 -0.00364977486475 0.00238286616512 -0.0110282671072 0.00693996503824 -0.00394106632527 -0.00526651477457 0.0027686095991 0.00046492087945 -0.00227880590143 0.00178468185457 -0.00979577235288 -0.00506848675206 0.00291640290283 -0.00313562362337 -0.00227334001763 0.00101140347051 0.00655018201746 0.000501440673401 0.00158570807175 -0.000197964387321 -0.00130115134935 0.000197249559977 -0.00119851192859
9 6.04901912308 -0.00418541612211 -0.00253834652384 -0.00208611477741 -0.00271890515703 -0.00210552719471 0.00183970182558 -0.00344182959094 -0.00097775061437 0.00295238753309 -0.000933447612798 0.00156232027477 0.00158668270979 -0.00675544954212 -0.00201851731956 -0.00520748230636 -0.000666339611741 -0.00381671167543 -0.000240897049699 -0.000445572468771 -0.00376569131559 -0.00394430809296 0.000177954121257 -0.0044266308008 -0.00117047522975 -0.00631148027801 -0.00129341214433 0.000805189216746 -0.00222475588258 -0.00236746422037 -0.00248080764202 -0.00129903674822 -0.00325787877054 -0.000710191738376 -0.00118002534765 -0.00225058490133 0.00338884741572 0.00124074998161 0.00267936540502 0.00171445184381 0.001068209592 0.00175740222253 0.00148689359253 0.002247914912 0.00111064696598 -0.0026417118061 0.000825459993028 0.00239755438362 0.0020877671583 -0.00207356678859 -0.00453023847617 0.00403313951755 -0.000566683388956 -0.00133724439205 0.0088806508703 0.000229351250234 0.000348478092598 0.00666982282697 -0.000450997337381 -0.00105130212804 0.00553093021407 0.000869162729445 0.000915793378441 0.000563602901845 0.00374533984021 0.00163040422164 -0.00379364572667 0.00435704748345 0.0014755366147 -0.00466055380633
10 6.35293318235 0.000187229236178 -0.00207592471778 -0.00283692729987 0.000654983538289 -0.0012551908794 -0.000402819781175 -0.00159755794306 -0.00113563880379 0.00122363997956 0.000420659595656 0.00151876969396 0.00195792231726 0.0117293600294 -0.00819827075086 0.0145081080086 0.000999271848304 0.00361868270536 0.00822207339281 -0.0136623677002 0.0165328417802 -0.00394437441318 0.0085598397223 0.000823075086459 -0.00468418127865 0.00314420396899 -0.0167481832266 -0.0220013922218 -0.00495010487244 -0.00564667161269 -0.00211265151521 0.00132939495212 -0.000579349505621 0.000295719306147 0.00186606190126 0.000123108499167 -0.000374778122319 -0.00298646506179 -0.000415974768223 -0.000518195176315 -0.0002519924049 0.000545368743146 0.000350540042451 -0.00033422343685 0.000269069626002 0.00132896363363 -0.00518456227112 -0.00324173721624 -0.000593535530859 0.0082188425146 0.00192348394917 0.00174253160976 0.00273164279605 0.00229356663429 -0.0055475289329 9.44235284073e-05 0.000178805122258 0.00276804846417 0.00283554403067 0.00127318030711 -0.000183980863817 0.00039890204242 0.000432386488608 -0.000846001818446 -0.0014879006481 0.00108736303234 0.00300007459593 0.000660254521404 0.000736250426896 -0.0031712332035
11 7.23856508093 0.00138155692066 0.000273464704733 0.000637609033234 0.000414235582931 0.000456493067438 -0.000564350605087 0.00109046965629 0.0010856471804 -0.000881026268778 -0.00077019037993 -0.000937233195446 -0.000325321402974 0.00723464529587 -0.0023113741326 0.00894707176602 -0.000554807580521 -0.00936885241934 -0.0176558577834 -0.00588230437457 0.00775262137816 0.00137158575137 -0.0135922587733 -0.00531131382743 0.00618331027061 0.00387821129863 -0.00562276316716 -0.00793222203983 0.00982036373232 0.00756820755122 0.000770278291734 -0.0010162226407 -0.00173600982 -0.00290187616311 -0.000167399172296 -0.000357716453995 -0.000469209447331 0.000988812547852 8.68490871041e-05 0.000571570872542 0.000244131382508 -0.000157098121905 0.000726891635793 0.000552503334998 -8.0598326438e-05 0.000604598778861 0.00189700408886 0.00145937145801 0.000906664424129 -0.016878843614 0.000135288090831 -0.00337633421259 -0.000497742216955 -0.00674739155259 0.0135253736125 0.00670326620325 0.00457351810457 -0.00685653581096 -0.00271294507052 -0.000568213576923 0.00102846992426 -8.01944058331e-05 9.57170117554e-05 0.00159701157952 -0.000102259602591 0.00181663945339 0.00260045983395 0.000380766630307 6.82064330104e-05 -0.00165351762846
12 7.40423067628 0.000164047023303 5.6995651655e-05 0.00020747763802 -7.20024491457e-06 0.000106086130174 5.80461464313e-05 0.000510985475284 4.11026893301e-05 -0.00011999673222 9.46146716246e-05 -0.000648453312086 -0.00054958291981 0.00224368025298 -0.000888597849474 0.00314163627763 0.000950134792058 -0.00683834589019 -0.0116454170057 -0.0024320818151 0.0030270880562 0.000302402829968 -0.010398421204 -0.00174553999702 0.00625119805914 0.000879868004325 -0.00227446071366 -0.00300917710812 0.00905391913538 0.00715320544248 0.00275605100233 -7.2037429452e-05 -0.000339236753834 -0.000626503283387 -0.000512630849613 -0.000313121625673 -7.7538189945e-05 0.000962458127006 -7.19164287745e-05 0.000535802211603 0.000280944834675 -0.000114709802082 0.000490316818448 0.000283126231177 0.000208607568115 -0.00013191000188 0.0013849232326 0.000605910900919 0.000740376565214 0.0186857214647 -0.00372029054538 0.00664479827327 -0.00839388943801 0.013740633616 -0.0163097945566 -0.0194820236194 -0.0115806870817 0.0120866486904 -0.00235075569039 -0.000427407922346 0.000704809902042 0.000613744673433 0.000437981078937 0.000778656677089 0.00115286219622 0.0010896196928 -0.000348090991584 -0.000749849964648 0.000117409495418 -0.000138951494387
13 7.68384496591 0.00116797936576 0.000101500017184 0.001501526781 0.000979144919539 -0.000655216387368 0.000621425255737 0.00151193935065 -1.66883194306e-05 0.000137720706219 0.00112079423709 2.8689590136e-06 0.00196859122597 -0.00322020755245 0.00293728152896 -0.00521704902423 -0.00382791263661 -0.000131703470924 0.000596221400462 0.00683046794419 -0.00796299640321 0.00222356585413 -0.00375108889964 -0.00191951599859 0.00344142955867 -0.000305510429201 0.00653466528895 0.0100720530309 -0.00157526858611 -0.00244422834245 0.0037942233801 -0.00213396549423 -0.00133566913218 0.00222386609665 0.000519016232837 -0.000375844580829 -2.17175429239e-05 -0.000174024276378 -0.000611227754456 -0.000399918824365 -0.000200297267043 -0.000648139362793 -0.000671075286189 -0.000412504122447 -0.000452621162921 -0.000605701863171 -0.000151195572799 -0.000783466524528 -0.000712641773288 0.00342353819848 0.000857412271192 -0.000655928156148 0.000722651455772 0.000835492000141 -0.00446373435461 -0.00052733398674 -0.000891472757812 -0.000748641564364 0.000910294192701 4.6092039653e-05 -0.00168583062983 -0.000282296721256 -0.000680326085444 -0.000598106658162 -0.00267932319114 0.00301770426808 0.00381695103406 0.00033207770251 -2.18726189097e-05 -0.00725099096489
14 8.08219064735 0.00110834276341 0.000674763756259 0.00145731484927 0.00023362855729 0.000345625953487 -0.000651652060636 0.00108261437286 0.000691758363529 -0.00140934143417 -0.000708881377464 -0.00176824558854 -0.00232375568977 0.00228899257948 0.000876579398699 0.00257674820954 -0.00297782222735 0.00676747103493 0.00972101496123 -0.00037669863633 0.000443168567584 0.0026172159576 0.0128563722337 -0.00278916471874 -0.0107305132046 0.00219002464091 0.000847047494467 0.000939304711609 -0.0131830062305 -0.0105952120133 -0.00826489295129 -0.000896310896078 -0.00165042865248 -0.00271425980051 0.000150073439747 -0.000355322218977 -0.000193851572335 0.00163867566413 -0.000167328357129 0.000382794241158 0.000875580223175 -0.000362447639038 0.000732715806146 0.000967352797265 0.00040237516487 0.000676045073058 0.0025349452429 0.00135628496858 0.000903911790067 -0.00340732982585 -0.003090224785 0.00111385490676 -0.00654177135474 0.00304455527749 0.00180768036792 -0.00731244920231 -0.00416350842693 0.00168185536675 -0.00427799088994 -0.00117384583759 0.00134199898823 0.000842175987213 0.000245518030908 0.00167317793665 0.0012799581612 0.0028015205462 0.00210438079257 -0.000648161439662 0.000300986617193 -0.000114002789465
15 9.54237259711 -0.00181470813842 0.00055237058501 0.00179122000254 -0.000282167013247 -0.00117888300077 0.00110129268837 0.00159575509906 0.000352647797793 -0.000777535182429 0.000865851378161 -2.10979670116e-05 0.00113192355632 0.00127150143344 0.000766920035317 0.00471679413155 0.00151417037652 -7.71097932147e-05 0.00383276904503 -0.00583435404994 0.00473948877275 0.00217380034482 0.00147874929405 0.00126852706196 0.00139405932935 -0.00250528737761 -0.00262437626704 -0.00144284892044 0.000617830923517 -0.000632216008368 0.00238424945649 0.00091742276072 -0.000131016806509 0.0022557665661 -0.00174613975301 -0.00218634597859 0.00054999551193 0.00239301399791 0.00251291153108 -0.00265192105781 8.55329279799e-05 0.00078073664778 -0.00376071409497 0.000259794601344 0.000423830310595 -0.00198384006856 0.00552350419303 0.00565561234338 -0.00386240303377 -0.00108598643443 -0.0073387896497 -0.00072524993312 -0.00160885797557 -0.00231005786842 0.00283282016658 -0.00187710716116 -0.00202757725077 0.00311883940223 -0.00113110827291 -0.00282939791793 0.00051198135068 5.62905562688e-05 0.00022794587714 -0.00453521720619 -0.00302315649825 -0.000796749214618 0.000169840909789 0.000830389245791 0.000358646592714 0.00078586432547
16 9.81481314967 -0.00181057685381 0.00117922216718 0.000135107237419 -0.000558910523721 0.000239624492602 0.000735417038976 0.000434595358676 0.00133974700016 0.000324324894443 -6.13598925567e-05 0.00198554770905 0.00365907111297 -0.000461320994711 0.00136408444424 0.00129919179919 -0.00169092668175 0.000312623404356 0.000431219490844 -0.00354046612651 0.00385465865419 -0.000198421837997 -0.000390422243777 -0.00111986433298 -8.47271577519e-05 -0.00288737617041 -0.000792276499891 -0.00145280161803 -0.00211290166966 -0.000917335046005 -0.000403133230261 -0.00118786504874 -0.000403483671296 0.000135596326098 -0.000946201072996 -0.000270724785173 0.000803262568507 6.41707754926e-05 0.000814166572145 -0.000321842275955 0.00200735654464 -0.00178016035261 -0.000782428243261 0.00186978587591 -0.00166082852595 -0.000478640146127 -0.00139837893586 -0.000389030217917 0.000648502173418 -0.00224342098341 0.000976743386893 -0.00359407276515 -0.00114966497096 0.000431467673311 -0.00281708809696 -0.000376807519124 -0.00216266748291 -0.00619730251368 -0.000526836726621 -0.000672026044361 -0.00346283261147 0.00296409682984 -0.000721473384469 -0.000665168984333 0.00365779363812 0.000874717434128 -0.000254679510822 -0.00270084828141 -0.00243609819586 0.000178597466663
17 10.8652465189 -0.000537662976531 0.00127159984935 -0.000417491422695 -0.000235967881793 0.00139432447931 0.000998613803187 0.00094915989701 0.000621363684055 0.0012125894154 0.000668864618884 -0.000264168437245 8.06002264544e-05 -0.000105647117257 0.000505475411424 0.000595963794097 -0.0031568439727 -5.91686417885e-05 -0.00247665855598 -0.00125178091973 0.00354028301056 -0.00120589021709 0.000486577826851 -0.00480494295891 -0.00244359421544 -0.000948496924373 -0.000391176647312 -0.00210338046564 -0.00429562956717 -0.00214836666213 -0.00428142358518 -0.00185449685321 -0.00144982115529 -0.00225829992171 -4.85925988472e-05 0.000942136298674 0.00155720916488 0.00346574595832 0.000765871485982 0.00233661984046 -0.000735859372878 0.000292779407421 0.000828924778827 -0.00095686861152 -0.00092101367771 -0.000669791093183 0.00781618062524 0.00592702129605 0.00189309646059 0.00399295577749 0.00337287708891 0.000810172264 0.0026350517321 0.000882481285066 -0.00300185892345 0.00185148285688 0.00180134126083 0.000236806364917 0.00199067937101 0.00162089832198 -0.000314360730765 -0.00176547863961 2.69633362233e-05 0.0020429032378 -0.00205332997502 -0.00226007304732 -0.000521506390369 -0.000874047160416 -0.00103399586624 -0.00055958202866
18 11.7987154128 0.000644866188242 -0.00283331691462 0.00148823972551 -0.00131770885452 4.55996398805e-06 0.0015074881238 -0.00162468160346 0.00126267261814 0.000147712213723 -0.00213242478544 0.000566031421226 -0.00198004409396 -0.00045978343738 -0.00494828443409 0.00217609096984 0.00537282336705 -0.0015660036299 0.00121526696707 0.00185851777088 -0.00451139936999 0.00162087070588 0.00355435140442 0.00203457370324 -0.000720317145758 0.00287471330768 -0.00185973145303 0.00116346576405 0.00344245903931 0.00327392089351 -0.00114328872823 0.00275752860252 0.000949919278355 0.00013819774939 -0.000234802644785 0.000180086742884 0.00241866320527 0.000994843179854 0.00204442936036 0.000590967152847 0.000562943050423 0.000139320894344 -0.000228128225579 0.000563188427335 -0.000947865982036 -0.000472034754244 0.00237779602238 0.00444797605176 0.00153551551396 0.000357626753351 0.00115019232813 -0.000718061889093 0.000519613832672 0.000616725800466 -0.000975426535368 0.00063691487183 0.000384013979352 -0.00130074018189 0.00052059569159 0.00054682940197 -0.000812471998881 0.00098006472783 0.000507807146776 -0.000350117930473 -3.69228553312e-05 2.47660998308e-05 0.000940214170697 -0.00170428939349 -0.00134987115373 -0.00130129110323
19 12.7152495193 0.000103880952829 -0.0013629923627 -0.00370651516872 0.000595749330373 -0.000476751635828 -0.00136830509451 -0.000586268262733 -0.00105494048485 0.000358463280126 0.000648144307338 0.000401898965329 0.000651949088593 -0.00285185782967 -0.00115512023787 -0.00667325994414 -0.000958271661998 0.00017838156347 -0.000804457164015 0.00424849437643 -0.00353680150723 -0.00540432720327 -0.00179448814097 0.00045246516311 0.000558155177141 -0.000885814486825 -4.3464312751e-05 -0.00154078312616 0.000449147167713 -0.00057311236691 0.00127755300226 -0.000412121767973 -0.000102155061749 -5.7667869514e-05 0.00164941368818 0.00101093376652 -0.0016179377614 0.00130257613901 0.00100465871527 -0.000772348050734 0.00111716711428 0.00102996321783 -0.000452266168483 0.000996997001415 0.000182961796651 0.000637490960242 0.00283240386693 0.00282550025996 -0.000920451794834 -0.00115817572146 -0.00124171338234 0.000270478186157 -0.00107500883849 0.00114165537489 0.00242639910698 -0.000898223474945 3.90676912829e-05 0.0012230705132 -0.000492602828413 0.000265475434637 0.000891614403197 0.00146874379834 0.00140417323004 -0.00047471522627 -0.000716424934649 0.000224140739564 0.00258774970586 -0.00214274695469 -0.000227260645657 0.00141022684273
20 14.330022791 0.000221138666171 -0.00112637597718 -0.000491674522304 -0.000958292838349 0.00108027462125 0.000564047269486 -0.000884524923009 -0.000476288902086 0.00120154593129 0.000161300772924 0.000643479777634 0.000770645954776 -0.00120954306334 -0.0027114263723 -0.00055643330217 0.000319058677896 0.000242318888395 -0.00164276661555 0.00209381401919 -0.00217737921159 -0.00120440482577 0.000536716147787 0.000223541420201 -0.00164346922856 0.00160954040991 -0.000586006968427 -0.000791240330919 -0.000506731838044 0.00207538378931 -0.00270303304507 -0.000223758780158 0.00095810237486 -0.00143850942481 -6.60540907277e-05 0.00172223346507 0.000948828376632 0.000710203655038 -0.000512602389544 0.00108463467008 0.00019381872499 -0.00193143964757 -0.000387192539153 -0.000473092482779 0.00100173819625 -7.61445103718e-05 0.00150186959569 0.00090522681088 0.00175792345061 -0.000167728794726 -0.00161104893122 -0.0022118295946 -0.000359620470781 -0.00191350134399 -0.0031454038598 -0.000561819027808 -0.00328675446648 -0.00338114207177 -0.000196181762616 -0.00228601736655 -0.00237354812419 -0.000480654676225 -0.00240405951569 0.000108713452531 -0.00115266913101 0.00113839014746 0.000316595887359 0.00191371683885 0.00149426938319 0.00118907662732
21 15.9115182548 0.000267151353672 0.00111817523488 -0.00130517866413 0.0017257982182 -0.000669485773345 0.000420609924533 -0.000583176861878 0.00124362894295 0.000151048250337 -0.00171968764404 0.000170164987466 -0.00162389143157 0.000300968791545 0.00246476578138 -0.00239475131756 -0.00043749160028 -0.00157946406009 0.0013322183749 0.000658452298593 0.00285253748754 -0.00256379829776 -0.000206269837938 -0.00325922980517 0.00291147128072 -0.00189197697407 6.43641071064e-05 -0.00112579347105 0.000686269272857 -0.00358891803526 0.00318662704105 0.000578042569416 -0.00236842120712 0.00204248799662 0.00268084089648 -0.00046495713643 0.00107289112439 -0.000233344448674 0.000819242660806 0.000961978996141 -0.000122600604069 -0.00079355085887 0.000118535569754 -0.000291142183227 0.000133926219526 5.83459009496e-05 0.000340059291714 0.0023076424563 0.00207934770935 0.000107164567162 0.00010566224499 -0.000892036847199 0.000203471736821 -0.00083877450226 -0.001766186029 0.00017652585285 -0.00104106626602 -0.00178901379801 9.17975863114e-05 -0.000714901460144 -0.00109982573575 -0.000130722366625 -0.000937380964757 -2.82526413891e-05 -0.00012575737168 0.000487296608949 4.35746328435e-06 0.000609096497661 0.000271940716974 0.000648936154109
22 16.7068946978 -0.00146082321979 -0.001504611276 -0.000979399833245 -0.000600643248028 -3.30308084449e-05 0.000647530821481 0.00312289937325 0.00285149481875 -0.00204803877446 -0.000193037971797 -0.000336895596317 0.000355234001924 -0.00281197851605 -0.00246600139743 -0.00151689735683 0.00100377286561 -0.000563080885526 0.000750967240533 0.000203356187057 -0.00143660267747 -0.00223042801819 0.000860802280006 0.000141475860672 -8.68045283891e-05 -0.00189666556396 -0.00184902711016 -0.00110801107021 0.0003316120525 0.000441358310985 -0.000169834296657 0.000357382282893 -3.846184158e-05 0.00027207680513 -0.00125932696386 4.57920856458e-06 6.54396740719e-05 -0.000138609827084 -0.000699511185317 0.000519189131339 0.000403306774399 -0.000441834400711 0.000963139476743 2.92941957799e-05 0.000372894564228 -6.74462032355e-05 -0.00197213100456 -0.00281110531736 0.000889041725877 -0.000243376312121 0.0012984945707 0.000473827496889 -0.000263887507704 0.000823838683556 -1.20672828357e-05 -0.000128022134863 -0.000218281978952 -0.000520111962171 -4.35369099326e-05 0.000351054317598 0.000264125832976 0.000135261855773 -0.000582594154084 0.00122904040556 -0.0006349425113 -0.000104239466861 4.20461149135e-05 0.000154893233013 0.000526629139322 0.000122912041571
23 17.4144409701 0.000267390029363 0.000504745501738 4.10681888221e-05 0.000105340167678 0.00118740944139 0.00185767694449 -6.23106364153e-05 -0.000381076749325 0.00138330642966 0.000460562275238 -0.00105282232928 -0.000801758369023 -0.000809186625348 -0.000633283213663 -0.000126213751593 -0.000451797875817 -0.00050564482149 -0.00129879400295 0.00153655846258 0.00134983597604 -0.0012925272622 0.000526760429057 -0.00256761048974 0.000444712760999 0.000137738973381 -0.000233235315869 -0.000735355986305 -0.000951202858491 0.000594366213676 -0.0015670319411 -0.000168386847181 -0.000221268573479 -3.94004010617e-05 0.000863300527915 0.00144046588126 0.00246243388411 -0.00126571157987 0.000190223692308 -8.58378456052e-05 0.00189908255924 0.00030906738677 -8.42508348286e-05 0.00169706053633 0.000348218472517 -0.00207176009907 -0.00561643353658 -0.00523875384551 -8.09360862609e-05 -0.000853538209363 -0.000633795883736 -0.000416946949929 -0.000749271371433 0.00145361010131 0.00134855306339 -0.000490004475168 -0.000768061380946 -0.000422720595703 4.10985017667e-05 0.000102341768954 8.06277198975e-05 0.00274003943656 0.000604225179561 -0.000848090878526 -0.00133268920014 -0.000207178066609 -7.62715891032e-05 -0.000630956126629 -3.42134668089e-05 0.000231337453334
24 17.9307607039 0.00024016607275 0.000214243609577 0.000559142614681 0.000213891025007 -0.00112984628151 -0.00197190310854 -0.000856351687378 -0.00018173999077 -0.000782909870515 -0.000796619935208 0.00124917712268 0.000608183289535 0.00173994301737 0.00156409674936 0.000951374016232 9.85182076488e-05 0.000618996433964 0.0011129162915 -0.00193486004366 -0.000263425257723 0.00232872385064 -0.000729487066743 0.00223890775805 -0.00029774955255 0.000459728146172 0.000679337453798 0.000978203276093 0.00085152654531 -0.000964815761313 0.00171256627538 0.000106995158872 8.01739328445e-05 3.26508490805e-05 -0.000373913091094 -0.00153329558251 -0.00233903409433 0.000404623952345 -0.00110784945323 0.000897734619814 0.00168321255863 -0.000554712806739 0.00131080615574 0.00119826610077 0.000327185324626 -0.00206355893466 0.00112307033035 0.000749110574137 0.00239017066711 -0.000578025615611 0.0014294017471 0.000465100938596 -0.00065426573004 0.00190545540677 0.00060948324981 -0.000380370999986 -0.000925635403521 -0.000981717509832 0.000102742238404 0.000440580983892 0.000395419781383 0.00136211225522 -0.000600806536908 0.00194930866512 -0.00156611440142 -6.72436060529e-05 -0.000414222430287 -0.0001020796967 5.63482021219e-05 0.000283040257559
25 18.2612679831 5.51075307388e-05 0.000261450413988 0.000151372516736 3.23851078579e-05 -4.74981800893e-05 -2.86390542547e-05 -0.000274300225601 -3.76140225176e-05 4.92309304734e-05 -0.000222891847966 0.000168850508877 1.70848346135e-05 0.000316486077816 0.000356499591984 0.000310644145506 3.74429895705e-05 -9.96596942063e-05 0.000123593258768 -0.000264547749192 0.000120187178323 0.000478339110416 1.12162117675e-05 -0.000111476082287 0.000115509013865 -6.34233651998e-05 0.000561681422373 0.000548925622468 6.71697520018e-05 -0.00020803774509 0.000191791191308 4.6535441922e-05 -0.000119523373999 9.38418984094e-05 2.84909945294e-05 -0.000174618573228 6.75127093359e-05 0.000302066601688 0.00015238583212 -2.63365010285e-05 0.00146170367939 -0.00028213753161 0.000197837857185 5.58721435772e-05 0.00129071518752 0.00205000409896 -0.000366893232918 -0.000476817538537 0.000372739503029 -0.00118442142565 -0.00107119084061 -0.000860576222816 -0.000995390099712 0.000552016901778 0.000403986504964 -0.000824954427019 -0.00200512773485 -0.00148497337381 -0.000234322958453 -0.000743426701573 -0.000457849722416 0.00177401286019 -0.000123960692084 7.23810387971e-05 0.000275213791548 -0.00265965015015 -0.000111003460963 -0.00108941885013 0.0022519480958 -0.00146665288915
26 24.4044539208 -0.000431862503401 -0.000604337540691 0.000165446429201 0.000602216598739 -0.000734245824806 -0.000900520773945 0.00045546030822 0.000342056902069 0.000723786243235 0.000958936704827 -0.00116960773061 -0.000244907781065 0.00050372004869 0.000735266950808 1.21090433971e-05 -0.00106907647447 0.00180619728571 -0.000169352067102 -0.00206753343608 -0.000664524092447 0.00128143234958 -0.00144789163191 0.00231429821713 -0.000563936496221 -0.00153018384656 -0.000467680346808 0.00110471655399 0.000255110078096 -0.000471215022555 0.000791107292433 -0.000221869764474 0.000555063385731 -0.000584195151278 0.000632792087524 -0.000973933121286 -0.00086490151216 -0.00125567135677 0.00168782839756 0.000716623487319 0.000130751283883 -0.000125092885655 0.00046875336476 5.86969161696e-05 2.27903404729e-05 -6.53096099535e-05 -0.000612883419613 0.00387600958738 0.00243680737011 -0.000142564959422 0.000471258231602 -0.000184068831643 0.00010138381557 -0.000277258215392 -0.000881563866158 0.000211447525101 -0.000784563178557 -0.00125976752449 8.53162787832e-05 -0.000327915312604 -0.000316002312466 0.000895505163756 3.25251762883e-05 -0.000417859273529 -3.49363092006e-05 3.13233397686e-05 -9.18010691565e-05 -1.13397067583e-05 3.78551342165e-05 -1.0842930447e-05
27 24.5910384813 -5.89258514859e-05 -0.000103649361213 3.05805833646e-05 0.000223240427084 -0.000476379792671 -0.00070553539839 -6.99063579612e-05 0.000129226427658 0.000381268498522 -0.000322631931255 9.5475807413e-06 -6.01960344783e-05 0.000493765870802 0.000557094255403 3.45575367831e-05 -0.000342672924849 0.000710455878829 0.000253382158551 -0.000955982007916 -0.000309982254976 0.000741658010415 -0.000781104662092 0.00141716786258 -0.00037921048767 -0.000292560495626 6.91668095271e-05 0.000412769184155 0.000389246110193 -0.00050442836794 0.000731815455426 -7.47712178905e-05 0.000121389226092 -0.000277794469979 0.000170266303097 -0.000661449599142 -0.000733398001812 0.00163749016637 0.0011160340315 0.000567956006312 -0.000200692559691 0.000291121545532 -0.00022091456852 -0.000559581995582 -0.000190576541012 0.000242699257379 -0.00589481057732 -0.00893943120978 4.36738350151e-05 0.000324142876465 -0.000626241738413 -0.000279058819354 0.000202016138125 -0.000545423207592 -0.000355777958768 8.20283460615e-05 0.000127606740939 0.000104057160987 1.319195758e-06 -0.000171587436325 -0.000237640883492 -0.000479238903088 0.000395495094593 0.000304362980702 -0.000202989524305 9.74673854708e-05 3.63769602361e-05 0.00010079795637 -0.000246957741934 5.84869084371e-05
28 27.0973842851 -0.000197160067305 -0.000309532476319 0.000145396484617 0.00050265333106 -9.02186229845e-05 -5.42652921557e-06 0.000147915635888 0.000233282085694 0.000142338670025 -0.000286548417762 0.000190924156763 -0.000121288191642 -1.26145135622e-05 0.000260567222942 -0.000128964042722 -0.00102581415253 0.00137718650879 -0.000685401398835 -0.000813515967719 0.000102663587687 0.000318563031353 -0.000573782940042 0.000147862827391 0.000192567333258 -0.00131760548933 -0.000535232485904 0.000669500084943 -0.000176850902621 -0.000502336143455 0.000209477600786 3.5431514593e-05 0.000285323351401 -0.000226991829514 0.00108764175844 -1.64051598913e-05 0.000413129310962 -0.000123912941009 -0.000888102008747 0.000848559485655 -0.00115400201828 0.000869291871898 -0.000511669467817 0.00147205213737 0.000328284516249 -0.000852044108897 0.00037138022944 -0.000408525331835 0.000771742976987 0.00168703852146 -0.00273331697098 -0.000698135469007 0.00122535777223 -0.00335095444939 -0.000751611798323 0.000298421066516 0.00217542568522 0.00219085612289 -0.000321584776989 -0.000279839745496 -0.000614543623387 -0.0018090020347 0.00106021084646 0.000411946437327 0.000505177440796 -0.000504729588575 0.000641267897241 -0.000383145267434 0.000504362116207 -2.09645713199e-05
29 27.6957075049 0.000346823195445 0.000777891917014 -0.000381324382447 -0.00131716476206 9.78088405041e-05 -0.000581203383372 9.39094463783e-05 7.54780686672e-05 -9.72697535028e-05 0.000548120760149 -0.000397230503539 0.000225993400906 0.000262338697852 -0.000706034826774 0.000767743776851 0.00302493175967 -0.00378550802395 0.00268695670076 0.00128799445026 -0.00113492705674 7.87095301016e-05 0.00102555240029 0.000946591659951 -0.0011096293529 0.00382094826438 0.00189238129982 -0.00153840541146 0.00122175087743 0.000703481295677 0.000410915491445 -0.000149212818237 -0.000956014537951 0.000377230056438 -0.00338216459749 -0.00025280905325 -0.00212071175394 -0.000244842806256 0.000426539919389 0.000552790040814 -0.000411673537707 0.000317830329097 3.94276833287e-05 0.000467107029098 8.60626280998e-05 -0.000315981845413 -0.00112696779811 0.000267733009875 0.00191283740832 0.000660859425984 -0.000656780486278 -0.000167554893298 0.000554819441155 -0.00152716030657 -0.000786900503744 0.00027014790169 0.000612508460111 0.000342057886248 -0.000132455672631 -0.000222884077404 -0.000285189282744 -0.000418571893667 0.000503491225009 0.000206056360199 0.000132472588138 -0.000158892831608 0.000187891555865 -0.000135420184733 0.000151054276559 4.08957785227e-05
30 29.415787039 2.26149630424e-05 3.84332843066e-05 3.39180559748e-05 3.13832648659e-05 -1.16393042455e-05 6.1861502188e-05 -0.000101083473426 -0.000145792007895 -2.10178962234e-05 8.23106840475e-07 -1.16747326021e-06 -2.71643243202e-05 -8.23864410363e-05 -4.24240420703e-05 2.92511025444e-06 -0.000127824186745 0.000110348561799 -0.000256936092895 0.000145945001327 9.61356161034e-05 -7.87739868894e-05 6.8759239048e-05 -0.000269268336412 0.000153043758993 -2.4148981825e-05 -4.08592916043e-05 -2.57446563074e-05 -0.000194983338388 9.54368584644e-05 -0.000194698502736 1.74164498557e-05 6.87477079895e-05 4.14707033569e-05 8.32607789828e-05 -4.9948356522e-05 0.000138979090569 0.000179560380272 0.000592336493295 -0.00066891766342 -0.000523206275995 -0.000596511379878 0.000515508795148 0.000733817683135 0.00013729099952 -0.000566709137142 0.000147472883659 -0.000948340203526 -0.00300260220961 0.000501201170126 0.00574745486221 0.00299410732397 0.000589849573827 -0.00213188335505 -0.00431772147603 0.00184100028438 2.36674280266e-05 -0.00245841840813 -0.000546394625605 -0.000479822331655 0.000742598256105 -0.00178281096819 -0.00165137711314 0.000991669600835 0.00015641856734 -0.000261562065541 0.000335992524129 -0.000116324705361 0.000422899595546 4.76645357411e-05
31 30.2492102731 -0.000852743907066 -3.06503325316e-05 2.16815625226e-05 5.88173821573e-05 0.00088803510011 -0.000776075810366 -0.000145664636046 -0.000118979937365 -1.2470004926e-05 0.000166689603801 -7.14587197102e-05 8.81522187142e-05 -0.000799225217267 -0.00226548008847 0.00203607937147 -0.00148481967653 0.00168731787116 -0.00233129286878 -0.00120183648326 -0.00310979949277 0.00192951218255 0.000607218998603 -0.00467557198488 0.00261447326531 0.00208756648843 0.00128250994274 -0.000507017335963 -0.000862797314989 -0.00297311283027 0.000695507488346 0.00103077427498 -0.000127744447686 0.000421626564506 3.60032572768e-05 0.0027756097195 -0.0022844895895 -8.57173539564e-07 0.000119604229685 4.38736070751e-05 6.94606990258e-06 6.55850982841e-05 5.76505469194e-05 -3.31560564224e-05 -6.32333611471e-06 7.76612061154e-06 -0.000254606378537 -8.25931555318e-05 0.00020048651885 2.83960323426e-05 -8.51657250333e-05 -3.45531356137e-05 4.39524352678e-05 -0.000123996160689 -9.4630879967e-05 1.93260774194e-05 -7.45392585147e-05 -9.01146491857e-05 3.53424341914e-06 -5.06960467606e-05 -3.05899963632e-05 8.85388579057e-05 0.000193673562929 0.000116198756703 -1.1654822284e-05 1.92745657853e-05 -4.62508006424e-05 7.26922909904e-06 -4.41365696628e-05 8.25431060414e-06
32 31.3073201051 -0.000300041648527 0.000560172137791 0.000208242486787 -1.39697331744e-05 -0.000207061446225 0.000296814029672 1.20820978367e-05 5.99138531784e-05 0.000118618849972 -2.52774987075e-05 2.42075484854e-06 -1.49661409501e-05 -0.00187156586838 -0.00255080291698 0.00128704433051 -0.00151300539518 0.00285584632189 0.00082551887066 0.00286876731621 -0.000760285650448 -0.00115961174359 -0.00283162613649 0.00255693482271 8.79494004748e-05 0.00247041019504 0.000168036209619 -0.00222054275018 0.00132475778425 -0.00308711752852 0.00265241245107 0.000331477463229 -0.000158130504778 -0.000696742106699 -0.000249139896744 -0.00250216236706 0.00189418898351 2.90473885119e-05 -9.82363248702e-05 9.23334568468e-05 -9.25353609863e-05 -0.000568417089535 -0.000633562420787 5.10873177778e-05 -7.56590949201e-06 -9.85894732675e-05 -0.000263909633781 0.000173417762561 0.00108461121929 -0.000303218699152 0.00100575020079 0.00031365199171 -0.000424791251654 0.00115015061903 0.000599164291374 -5.5440997482e-05 0.00068171844538 0.000616217203572 -3.77484339058e-05 0.000409004508731 0.000217072865111 -0.000408588577897 -0.00184027210959 -0.00201350364297 0.000138944581507 -0.000102682113493 0.000102692720087 1.48158455675e-05 0.000185765648657 -2.93397934728e-06
33 31.4015966811 -0.000118995678021 0.000305069121141 0.000116488743983 -1.55676107605e-06 -0.00016434940067 0.000194272896153 9.01228672087e-05 7.44221827293e-06 -5.13209118308e-05 -7.97289998806e-05 7.63765675724e-05 -6.5857227167e-05 -0.00105266427801 -0.00132802945048 0.000572942073577 -0.000720940680967 0.00131979561809 0.000308773247864 0.00171924312824 -0.000209513117332 -0.00081586004638 -0.00128035569577 0.00118663124088 5.34469950365e-05 0.00119757838465 -4.50888260089e-05 -0.00122500353049 0.000493325464976 -0.0012442616134 0.00104830707548 0.000129197977175 -2.61066770789e-05 -0.000297295450312 -0.000327942012087 -0.00153010599268 0.000968639530653 -0.000151173245685 -9.82230687213e-06 -0.000293799300592 0.000163217547098 0.00107971358928 0.00120563502645 -9.572526154e-05 1.96949918382e-05 0.000182348172826 0.00134644345234 -0.000194229410592 -0.00345652425666 0.000290031060243 -0.00191635504667 -0.000682127591122 0.000654778063247 -0.0016835072212 -0.000908631300928 -2.25708986315e-05 -0.00175241953928 -0.00141618417078 0.00018017866712 -0.000780046840764 -0.000369358935623 0.000683439343255 0.00343308739974 0.00384951357175 -0.000204245265101 0.000177724019629 -0.000268201352141 -1.66833482141e-05 -0.000365199607197 -5.22756799968e-05
34 32.5410732611 0.000305502149387 0.000188684474766 4.52362479216e-05 -0.000207007812411 -0.00069013158875 0.000163606627676 -9.98198417914e-05 -0.000246174026659 -0.000528926971774 5.94710252529e-05 -1.39722067031e-05 0.000109276584753 -0.000237315460097 0.00014633074443 -0.000495040436899 -0.00137932220905 0.00142574552051 -0.00239619246559 0.00176711298177 0.000908206167241 -0.00130473234205 0.000832907228647 -0.00244858972709 0.00131008643176 0.000304842590576 -0.000497917935351 -0.000751090809227 -0.00186542287995 0.000566812471133 -0.00171167849125 0.000231915969588 0.000671065784822 0.000323415272755 -0.00218212000224 -0.0032513753419 0.000321180054734 0.000114527562856 0.000204725393177 -8.70810909713e-05 0.000477464283804 -8.59638125615e-05 0.000118062602525 -0.000192187889171 -2.78518222469e-05 0.000228423792278 -0.00136840527448 0.000829976533592 0.00360232382906 0.00165056088012 9.57884284042e-05 0.00065388341567 0.000798248725376 -0.0027937251387 -0.001065083167 0.000691374693728 0.00253210717016 0.00133391274095 -0.000648624701141 6.47571836697e-05 -0.000119414050426 0.00147901829478 0.000931628024687 0.000229441903234 -0.000157524798801 8.09744872728e-05 -0.000167350656349 2.83830895642e-05 -7.7497671311e-05 -2.71030754413e-05
35 33.0267913622 0.000193756156148 0.000160453348267 -7.92702506913e-05 -0.000154405466755 -0.000639733645572 -4.12131108064e-05 5.0681252375e-05 7.89110806281e-06 -9.27131796725e-05 -1.40332176165e-05 8.3282905239e-07 -5.35036511365e-06 0.000147075343209 0.000217716582341 -0.00019315146956 -0.0008398336975 0.000691687946373 -0.00187644417306 0.0008837056328 0.000140838891777 -0.000520392316857 0.0009336214459 -0.00195087551351 0.000910117845026 0.000659452620221 2.27225720539e-05 -0.000573404499993 -0.00158089662957 0.000826154248766 -0.00159684738849 0.000107539704004 0.000530659078529 0.000331722341155 -0.00212491269593 -0.00287458122617 -0.000177377223227 -4.58115454777e-05 0.000147904986454 0.000253056761149 -0.000844781608017 0.00032913889038 -5.49635036405e-05 0.000264330709393 2.41504861568e-05 -0.000364197559305 -0.000190859121503 -0.000277256879274 -0.000106995153657 -0.00225972116632 -0.000281833863004 -0.000974310775446 -0.000949860727663 0.00354192356586 0.00114680225464 -0.000910254805886 -0.0036728515289 -0.00203117439212 0.000913243620659 -0.000191385761355 0.000110068758392 -0.0024350180808 -0.00098299075224 0.000155991306344 0.000232331889856 -0.000155275159703 0.000275715170943 -5.4453999823e-05 0.00012866798658 2.87948905932e-05
36 34.1611607334 -0.000182596590507 0.000164359721579 -0.000179708670427 0.000234774790033 -0.000367400696538 -0.000104741148442 5.04799462322e-05 0.000155575432648 0.000324925254266 -2.2701284781e-05 -3.57668351707e-05 -0.00010601718957 0.000170170018414 -0.000431371131758 0.000707765429496 6.63829241253e-05 -0.000468144172167 -0.000434071294985 -0.000192708738452 -0.0012642364286 0.000598518476078 0.000600309049466 -0.00024088448579 -8.75573021865e-05 0.00127295963875 0.000754496151943 -0.000555731289986 -0.000630820381345 0.00120943005621 -0.000992718282848 -0.000205144687722 0.000192114691612 0.000206346858459 0.000217812376016 -0.00120633774793 0.000412152201374 -0.000123226939786 0.000504309144018 -0.000228356467181 0.000147098115117 -0.00107660510367 0.000632789690909 0.000107628084676 -2.81549389939e-05 -0.000166343238341 0.000962182838645 -0.000485784653941 -0.00390779166838 0.00103979871948 -0.00237127908876 -0.00119244821982 0.000206563096072 -0.000279621045438 0.00220777242374 -0.000875706081562 0.00218444716419 0.0028886156669 -0.00010049470089 0.000659322125009 -0.000562176756423 -0.00172106334188 -0.00244533890988 0.00200829896378 2.21326957339e-05 -6.01052629104e-05 7.27200018474e-05 2.20770330689e-05 0.000177495407231 3.80729309142e-05
37 34.5887129401 -0.000640000377706 0.000371882985458 -0.000145382666902 0.000928422692363 -0.000556562635713 -0.000176145214024 0.000200689298598 0.000103608910564 0.000238214971476 -0.000198573580345 0.000108290609216 -0.000119558606726 -0.000567757985732 -0.00183069319488 0.00188319380536 0.000527731618128 -0.00160411389622 -0.000232005144735 0.000118104363162 -0.00266628662715 0.000997552577734 0.00132386717797 0.000275899770537 -0.000874582374691 0.00232092623194 0.00115341616296 -0.00140859712144 -0.000811481551707 0.0030305539067 -0.00190189246801 -0.000668105692522 0.000247350607711 0.000349552740212 0.00266177656746 -0.00095359045852 0.00142718612116 1.32358466294e-05 -0.000341486018038 0.000285043151928 0.000111816665028 0.000350998193534 -0.000413551979999 -9.14720327627e-05 1.25029214509e-05 0.000146740551577 0.000414960623825 -1.50584732941e-05 0.000110456554945 -0.000155607591704 0.00115721498067 0.000678241775427 -4.28212694977e-05 -0.000212141788124 -0.00101221161783 0.000526375437758 -0.000257925546366 -0.00084546230918 -0.000103696073084 -0.000206922700813 0.000241705799244 0.00161842389935 0.00111903972624 -0.00179147161663 -3.5623091453e-05 5.20514259119e-05 -9.75715757571e-05 -4.94285725039e-07 -9.9516190017e-05 -8.21566526717e-06
38 35.15294675 0.000342081281388 -0.000150684864751 -0.000828654506512 -0.000660113411557 -0.000116955402311 0.000374423449292 0.000249138462314 0.0003667496682 0.000538213787659 -9.07236384564e-05 3.5872577192e-05 -9.84642622342e-05 0.00276006496526 0.00197913489756 -0.000276874543474 -0.000654757477058 0.00123399149868 -0.000277936189344 -0.00277307938256 -0.00118648546623 0.00175468324282 -0.000733887293096 -0.000289616232937 0.000715548576132 0.00112507343819 0.00188798547614 0.000960877208357 -0.000151821698207 -0.00109021229602 0.000344586413675 0.000302861901093 8.27201810335e-05 -9.05177806724e-05 -0.00221126371657 -0.0023597847691 0.000881864072164 -0.000156915311883 -0.000304251197117 0.000434117157541 0.000217418503042 6.27792917916e-05 -0.000337713936073 -5.78354254345e-05 2.42058923659e-06 0.000132586965627 0.00149920460697 -0.000632670047663 -0.00309829447949 0.000130394142548 0.000729973276767 0.000470756633292 -1.94719057344e-05 -0.00030885378602 -0.000536208778231 0.000393648339925 0.00042242392313 -0.000125757953391 -0.000169643986709 -3.98481638826e-05 0.000118433001358 0.00197748674058 0.000674454014698 -0.00221218887496 -6.06485581191e-05 8.01709761412e-05 -6.13214274283e-05 -6.53891160285e-06 -5.32269512479e-05 4.12214947566e-05
39 36.002989741 5.50750895057e-07 6.79918817463e-06 -0.000666397026939 -0.000183929897904 7.00202510374e-05 0.000646782141047 -0.000120006720585 -0.000175900925656 -0.000549134445153 0.000123770794646 -5.52873824747e-05 0.000106649813561 0.00192835489544 0.000832838975483 0.000538089122191 -0.000258254757232 0.000549235981086 0.000461145233886 -0.00247728097095 -0.00165504537421 0.00183544901392 -0.000716385827998 0.000466669350699 0.000139200042577 0.00143583682176 0.00198595823761 0.000560108347458 0.000201443905756 -8.68035266745e-05 0.000175656536607 -5.79376550884e-06 -1.71337042313e-05 -8.4873547324e-05 0.00255609164891 -0.000281341263492 0.0036177291511 0.000192948493989 6.68942991573e-05 -0.000657558598872 -0.000135043407638 6.87004661581e-05 0.000236401710625 1.74522727613e-05 -6.78560002981e-06 -0.000104419734499 -0.00161641917267 0.000787022420267 0.00375466216854 -0.000103151140678 -0.000335954651716 -0.0001794954653 5.42411479148e-05 0.00011458151173 0.00018242920356 -0.000203613688934 -0.000515452307777 -0.000150917708651 0.000126497205788 -4.33261731377e-05 -1.61587676415e-05 -0.00184737936032 -0.000148235077335 0.00259502718053 9.70734670879e-06 -3.99070896334e-05 5.51575839396e-05 -1.11112556766e-05 1.1226090034e-06 4.83705882681e-05
40 40.577103743 9.78729049177e-05 5.12284319873e-05 0.000174856981763 -0.000612015812136 -0.000149556311878 -0.000334675938162 -0.000486205916823 7.15611689032e-05 -0.000846666746035 0.000397651884079 -0.000265652329135 0.000221595340559 -0.000190441812666 0.000529361670843 -0.000503645361534 0.000459743041487 -0.000287988105854 -0.000104432137239 0.000486666270919 0.000885030504845 -0.000503256905999 -0.000270633453935 -0.000643179306911 0.000726858942371 0.000310624275398 -0.000208251865001 -0.00022979879261 -0.000657361681453 -0.000584985118761 -6.23081570063e-05 0.000117065695341 0.000146732510355 0.000108080218209 0.00358248482246 0.000678448638295 0.00287650398792 4.93528047598e-05 0.000212530639562 0.000464133997913 -0.000350710598223 -0.000219937464089 0.000300333688364 -0.000107547487948 -0.000274550154036 -0.000307443804682 0.000513231076713 -0.000714609499389 -0.0017327951017 -0.000266964325598 -9.23343004137e-05 -0.00031309218587 0.000201970632504 -9.60561124005e-05 0.000324242094704 -0.000460095479147 -0.000252920330951 0.000307964725025 9.98502289805e-05 8.42647476402e-05 -9.41506978318e-05 0.00248689830755 0.00125143751845 -0.00197178478074 0.000110613535119 -4.34313487493e-05 0.000135201143491 -2.1878046005e-05 0.000305304798002 4.02252903561e-05
41 41.0619079305 -5.14367777436e-05 -1.41607809009e-05 -4.79399126267e-05 0.000246406680508 4.76347204632e-05 0.000167669201002 0.000159803781198 -7.16923302155e-05 0.000267529462617 -0.00014466256551 9.80300278427e-05 -7.34228418954e-05 6.43728997943e-05 -0.000146492562556 0.000174292061519 -0.000280807792477 0.000205829737922 1.46803160995e-05 -0.000178563503905 -0.000331789888671 0.00019661684135 0.000149749355537 0.00027926150233 -0.000330348951858 -5.02883871421e-05 8.37985585958e-05 4.56011213586e-05 0.000335672696924 0.000306912128618 2.65007455563e-05 -4.49200597084e-05 -6.99583556728e-05 -4.35115263423e-05 -0.00128129326838 -9.21966545282e-05 -0.00112195364008 6.07225848757e-05 2.26375686937e-05 -0.000267640185039 -0.00037524256514 -0.000636639422727 -0.000176558887965 -0.000414779481848 -0.00065194418191 -0.000627648708705 -0.000289769590652 0.000184237256187 0.000612071047536 1.32741961082e-05 0.00146479943386 0.000296645355965 -0.000132227808328 0.000534912309101 0.00151354563909 -0.000398553742202 -0.00021302641502 0.0009479524385 0.000231211607764 -5.89078645053e-05 -3.4968532899e-05 0.00277949638091 0.00428296615758 0.00222661161149 0.00026412534966 -9.69713300054e-05 0.00029307678193 -2.53671725666e-05 0.000660453753869 0.000102618068628
42 42.2586817769 -1.79140847858e-05 8.1764056837e-05 2.53393935945e-05 -0.000231084706508 -0.000417667900148 0.000182024878659 0.000120259644613 0.000112071875582 0.000171339995471 -3.92196113873e-05 9.04694483229e-06 -3.58498194332e-05 0.000281993545123 0.000634650295348 -0.000114874177389 0.000946108739246 -0.00214967384104 -0.00321467187486 0.00034559070863 0.000149148479882 -0.000242100178837 -0.00100843355036 0.00337337514142 -0.000104789682376 0.000706083426092 0.000252644068719 -0.000291753144023 -0.00333879692578 -0.00292239250687 -0.00103213322531 0.000286778813345 0.000150667480246 0.000217663307689 0.000719067389612 0.00191737243229 -0.000745408645723 -4.84210584873e-05 -5.16052354494e-05 2.80372013011e-06 7.80452313363e-05 -4.44200233062e-05 -0.000231293572312 -2.84949516854e-05 -1.16476826637e-05 1.60699983695e-05 2.36725926776e-05 9.25924999957e-05 7.00535357532e-05 0.000833845823176 -0.000439660183757 0.000327882580733 -0.000835276869032 0.00124973130883 5.86170309902e-05 0.00137274344764 0.000913741808413 -0.000684602338943 -7.74776361087e-05 -0.000128729948538 7.25846550453e-05 -0.000404729153177 0.000404632247754 0.00118682982305 7.40523581585e-06 -3.04896021128e-06 -4.13154070507e-06 1.32397269826e-06 3.63681645847e-06 -4.67440187275e-06
43 42.3588434868 2.79317661007e-05 -5.88316025443e-05 6.29836831446e-05 -1.94245846621e-05 0.000223967449973 -0.000325207175764 -0.000134378752242 0.000133564722436 6.85545184457e-06 9.85240308736e-05 -8.10370241789e-05 2.98453901587e-05 -0.000293990121351 -0.000183792983746 -0.000164953681106 0.000359059085249 0.000241841135684 0.00147597979941 -3.57832697258e-05 0.000154235236993 -2.35951105089e-06 8.27879313688e-05 -0.00174349798219 0.00048466682851 -0.000343334278079 -0.000333541581569 3.24818834015e-05 0.000771133064499 0.000595376452245 0.000441677764182 -0.000105818096622 6.33900114099e-05 -7.30079757257e-05 0.000244863744712 -0.00130605576606 0.00106147983616 -6.19464985394e-05 -2.16637773645e-05 0.000104400657881 6.2586982987e-05 -0.000114838414612 -0.000275127978238 -0.000110688739472 -9.3476730895e-05 -6.1415655559e-05 0.000136123564639 -5.77781539967e-05 -0.00031053756464 0.00207492259758 -0.00217166416145 0.000519503888766 -0.00212532743482 0.00331677927221 -0.000377264790024 0.00377719560778 0.00247188279639 -0.00219288242381 -0.000217724464295 -0.000243670501275 0.000202424155053 -0.000326017489327 0.000708267896318 0.00156213943905 4.86173721187e-05 -1.27065798677e-05 4.84606606105e-05 4.8341920631e-06 8.09326073497e-05 1.02561452645e-05
44 42.6302538028 2.19956914862e-05 -4.20588977619e-05 4.00467396163e-05 2.65866896319e-05 0.000180357355799 -0.00025620197169 -3.08071044693e-05 0.000104220096354 0.00010877396173 3.08597287506e-05 -3.23561330328e-05 -8.68245458248e-07 -0.000219233653178 -0.000222438448161 -5.79865463248e-05 0.00128349327174 -0.00080619739598 0.000993202966457 -2.32523664762e-05 6.88044223392e-05 1.64863513368e-05 -0.00105275726635 -0.000669608607948 0.000928337812174 -0.000348027409102 -0.00026148523786 6.21866113575e-05 -0.000892017840822 -0.000586715935635 -0.000361111213905 7.47811686509e-06 0.000152057596056 -5.03928727007e-05 0.000110989380592 -0.0010233245587 0.000709986199145 -2.66462134942e-05 -6.49450688407e-05 4.89657372458e-05 2.11324161284e-05 0.000102509178657 -0.000286134670445 6.401428012e-05 0.000118368372738 0.00011171451705 2.50932263358e-05 -2.33618694971e-05 3.42670447454e-05 0.00393661321862 0.00201561700574 0.00159021400395 0.00020963725826 -0.00157337576525 0.00463219864995 -0.00115580716923 -0.00187653154444 -0.00192915532735 -0.00019107252917 4.71365906232e-05 -0.000246779092428 -0.000691791958499 -7.92777329775e-05 0.000432995531125 -2.86751225406e-05 1.77717688502e-05 -3.84253925866e-05 4.43540017364e-06 -0.000103340429059 -1.81816817036e-05
45 42.6784623995 1.74185036388e-05 -5.28261763969e-05 4.80462910784e-05 0.000130766608088 0.000247882569138 -0.000341575345835 1.37044235574e-05 0.000109639321798 0.000213154287198 2.26683141156e-07 -1.46118532877e-05 -2.19696001629e-05 -0.000289192644736 -0.000387023101672 1.29421014967e-05 0.00258082159766 -0.00124425588849 0.00260161201827 -2.0251985595e-05 -2.25849671192e-05 6.50604497038e-05 -0.00306624247235 -0.00108817948163 0.00230496900377 -0.000575540590334 -0.000387366943812 9.17606384258e-05 -0.00212532477277 -0.000800365880255 -0.00167267480049 0.000100717479111 0.000240430908641 -0.000159028882909 -5.75957186142e-05 -0.00136751149604 0.000652847517714 -2.27067584742e-05 -6.30399230795e-05 -1.94199419725e-05 0.000122586804719 -6.9520582852e-05 -0.000258763132526 7.4904041161e-05 8.49890040178e-05 0.000129587654756 2.85531719467e-06 5.13253793793e-05 0.000100518363381 -0.00266084819369 0.00103211734567 -0.000559157353269 0.000187864001927 0.000223306446614 -0.00168855179417 -0.000473595507385 0.000499978902246 0.0024462381283 0.00020113248212 -0.000147307918213 3.34736966405e-05 -0.000357452175786 0.000546480950901 0.00143025316697 -5.16750173774e-05 2.66863977795e-05 -6.24638057795e-05 4.59616498839e-06 -7.5079724881e-05 -1.75008264614e-05
46 42.7470312195 7.26523197623e-05 -0.000119097976256 2.11589194663e-05 2.11627982579e-05 0.000559091274826 -0.000388242961957 -0.000158161493844 0.000157447704504 7.11419680807e-05 0.000105511803437 -8.46175491545e-05 2.95966653242e-05 -0.000468816075405 -0.000690522058252 -8.15446579274e-05 0.000389076182149 -0.00206231982224 -0.00269084628993 -0.000369730936292 0.000241418664828 0.000117617610001 0.00301912936733 0.000123588627596 -0.00174019371971 -0.000781997324747 -0.000330375545091 0.000412991907736 0.000429789931224 -0.00205497986608 0.00316906487001 -0.000302483629418 0.000232467170307 0.000210427792775 -0.000115842184467 -0.00272689941723 0.0020533152046 -2.43111839332e-05 -6.61908291626e-05 1.86811923555e-05 9.69748475843e-05 -2.97566360175e-05 -0.00026894711011 7.19875568674e-05 9.89778565594e-05 0.000126538524521 4.68412372106e-05 -6.02497246905e-05 -8.6133950981e-05 -0.00097633146665 0.00113551772319 -2.77522012617e-05 8.20032326959e-05 -3.51101223869e-05 -0.000202760834834 -0.00043987879392 6.25996290862e-05 0.00128213047935 9.49734812134e-05 -0.000113268155595 -2.61478771271e-05 -0.00043564073388 0.000408324481256 0.00120042446166 -4.55860656845e-05 3.00609300746e-05 -5.75132816211e-05 5.68784488705e-06 -8.52890789486e-05 -1.49425781316e-05
47 43.1455908244 2.26123853977e-05 -5.52989201559e-05 -0.000135909444007 0.000487087412596 0.000537480340285 8.93474256277e-05 9.72410662021e-05 -0.000328611542133 -8.25854898498e-05 -0.000124836394819 0.00012639293564 -2.13821518465e-05 -0.000165395882336 -0.00129266189032 0.000669408515431 0.00147884629618 -0.0017367492125 -7.43158964764e-05 -0.00057033067221 -0.000382451576014 0.000406847575592 -0.0007287682831 0.000640091594325 0.000177475792787 -0.00114989571017 4.03364280196e-05 0.00076554002655 -0.00131204356629 -0.00144422886221 4.88792643557e-05 -7.41545206698e-05 0.00012592838437 -1.79044550766e-05 -0.00146537605015 -0.00187980098759 0.000212670536994 0.000141745384445 5.89733042518e-05 -0.000275028652341 -0.000204376694213 4.62871355389e-05 0.000707364028212 -0.000255381419741 -0.000287876120789 -0.000371901095772 -0.000293269218729 0.000117791579107 0.000609536086544 0.00050884759999 -0.00263285886179 -0.000496284339579 0.000485969787009 -0.000568265350167 -0.000831503466132 0.000183386741918 -0.000469307558089 -0.00190735424425 -0.000101202287427 0.000366216967961 0.000137664693379 0.00118488365806 -0.0008913427986 -0.00277009466553 0.000137599969938 -6.04873314664e-05 0.000173876795165 -2.4049829626e-06 0.000247455022117 6.13651298623e-05
48 44.6831152828 -0.000153981013176 -8.12803129671e-05 0.000358135358631 -0.000174135049684 -9.43529363639e-05 -0.000160922513897 0.000255874629713 0.00016272941161 0.000526338447398 -0.000106392745488 5.05755166908e-05 -8.12548948438e-05 -0.000211338218646 0.00332715568931 -0.00248213568622 0.000746659137833 -0.000458630245971 0.000314277482666 0.000211640371625 -0.00104387973792 0.000713427076592 0.000443183246947 -0.00135576482672 0.000108067037183 0.00184932364092 -0.00176617291927 -0.00291029486204 0.000305052171904 -0.000635994282448 0.00116749306958 -0.000124100995999 0.000282117611979 -0.000147227113288 0.000589850705798 0.000245774284304 0.000240960721474 9.79600592758e-06 -0.000167698739094 -0.000255849997228 0.0002580673045 8.10260162582e-05 -6.66676156017e-05 -0.00033987534549 -0.000270086640111 -0.000234771265735 -8.54643859286e-05 0.000206246454834 0.000500828366508 -0.000208615869816 -0.00107887958446 -0.000151772588666 0.00081861899212 -0.00110511860658 -0.000881532180832 -0.000498901475631 -0.000788776852516 -0.0009160439984 -5.14431976349e-05 0.000320167773784 0.000236356441165 -0.000390600493856 -0.000454282553068 0.000253707378998 0.000132783524051 -6.72891693523e-05 0.000130109119408 6.79642583174e-06 0.000182365990663 1.37396411013e-06
49 45.5242826846 0.000109902668482 -0.000115831607798 -4.28800397106e-05 -0.000237566444043 -0.000292723126246 -0.000284977507561 4.65404299972e-05 0.000279424416244 0.00034225471504 1.89256947647e-05 -4.51141943618e-05 -3.22017018792e-05 -0.0014262110854 -0.00222835355652 9.12891792034e-05 -0.000256018723744 0.000340736537131 -2.01700343724e-05 -0.00113539884588 0.00318283396058 -0.00106383388288 8.78220589499e-05 -0.000233069891793 0.000149434589568 0.00121781103758 0.00238037075479 0.00218205610128 7.20058774272e-05 0.000324655883742 -0.000204035752052 4.91392538269e-05 -2.22747014703e-06 4.96947890327e-05 0.000745988706854 0.000180139917992 0.00012128106137 -6.73554582151e-05 -0.000140048374104 -8.84652550878e-07 0.000444286623572 5.60025664217e-05 -0.000398518683121 -0.000445630684894 -0.000269838143731 -0.000260595973336 0.000123979823221 7.7929370354e-05 -9.80297455583e-06 -0.000264526491642 -0.00101675499877 -4.13284038728e-05 0.000981000320267 -0.00130445167013 -0.00101727814786 -0.000607289855324 -0.00093828581654 -0.00102861286011 -6.1663728441e-05 0.00038799290499 0.000329019747705 -0.000815091349129 -0.00027347307917 0.00120025735289 0.000158233970601 -4.97699316344e-05 0.000170883105364 1.97960380004e-05 0.000168794316248 4.4502544649e-05
50 45.8996413643 4.76215170335e-05 -0.000254587693952 0.000194270308158 0.000257739703446 0.000199222938743 1.88788401153e-05 0.000123860468972 -0.000217020491667 -2.62746527425e-05 -8.87619628026e-05 8.41710951092e-05 -2.12424033842e-05 -0.00312452650329 -0.000118974273215 -0.00318374106229 -0.000132718090634 -1.56387045879e-05 -3.39111597854e-05 -0.00277547578278 0.00209616217066 0.000812596654053 -0.000212665785319 0.000551116908552 -3.66203345805e-05 0.00313789938132 0.000747494192184 -0.000595461010427 -0.000188090503694 0.000194321329491 -0.000452241417623 2.62631297191e-05 -0.000112710414414 6.24393704089e-05 -0.000372115126685 -0.000577966567658 2.28295576483e-05 6.29462254271e-05 6.17105794306e-05 -0.000114160263577 -0.000313562448023 -1.38662475185e-05 0.000345604384709 0.000280860528902 0.000160881543919 0.000172197728507 -0.000141923422999 6.54473076647e-05 0.000256762506404 0.000174446556048 0.000648683925373 4.26035888905e-07 -0.000659116146884 0.000857237720589 0.000671977848629 0.000403500130866 0.000630729885165 0.000697103729753 3.96883739361e-05 -0.000267511916221 -0.000233945695181 0.000589045446256 8.49069907011e-05 -0.000995860571204 -9.56068219215e-05 4.30812176145e-05 -8.36348637568e-05 -1.58519804551e-05 -9.52698811135e-05 -4.09952665036e-05
51 46.1562452323 -7.19339547151e-05 8.94691879529e-06 -9.17212420103e-05 -0.000153331064147 -0.000647516558401 0.000206285290392 0.000491270512402 -0.000226739428278 0.000257130732222 -0.000235568697254 0.000175108073014 -0.000100146726323 0.000697077452564 -0.000352344455509 0.00100267897278 0.00166417306737 -0.000885287796862 0.00067103285542 0.000537357809823 0.00109274156188 -0.00115366944341 0.000583204204293 -0.00260000843103 0.000132045838851 0.000642152025573 0.00147412569159 0.00109327425388 0.000477375321679 -0.00138915245224 0.00233060419261 -0.000310598453487 0.000699291381664 -0.00046088902851 0.000701547339303 0.00134609888685 -0.000634964716666 4.0332767508e-05 4.90484163992e-05 -0.000201311360278 -0.000283597869601 -3.47699246651e-05 0.000335933932685 0.000225635859091 0.000126997905524 9.82102285684e-05 -0.000223566602119 0.000200544463199 0.000455153108633 0.000132709980965 0.000371176092317 -3.85750640648e-05 -0.000474584032539 0.00063626744848 0.000484120490098 0.000299209334126 0.000453945913736 0.00047111059771 3.26901926587e-05 -0.000185540930781 -0.000174826202158 0.00058018803851 6.67784195409e-05 -0.000904262052269 -7.72106469522e-05 2.64356537861e-05 -7.80977525419e-05 -1.49766258244e-05 -7.70525320903e-05 -8.03401797459e-06
52 47.1151147151 -9.32340478176e-06 3.45993439522e-06 -4.69698483239e-06 2.08167985029e-05 1.2552190937e-05 3.83743151658e-05 2.81801647352e-05 -7.33068237353e-05 -9.66106780548e-05 -1.38199691849e-05 2.28330308784e-05 5.51938754321e-06 6.42781655908e-05 -3.85521005725e-05 9.28343758277e-05 3.45153696406e-05 -2.84557793126e-05 1.3252931028e-05 1.98813423806e-05 -2.87718109668e-05 -1.13866448559e-05 -8.4692178604e-06 -8.3138638308e-06 -1.0275130613e-05 -5.60370150396e-05 2.57485347659e-05 5.05245377864e-05 -9.8320669267e-07 -3.1944210384e-05 3.24504547281e-05 -7.72669927482e-06 7.88206889229e-06 -1.1257233642e-05 -2.5533434474e-05 1.85486759756e-05 4.05113779511e-06 -8.72672976312e-05 -5.24654902242e-05 8.17024061554e-05 0.000631009211195 0.000842803843702 0.00032483988712 -0.000857100612246 -0.000369241800975 -0.000596050534962 0.000134771147626 3.51661251647e-05 -0.000184646672791 9.67575995194e-05 0.00200726837137 0.000225814559114 -0.000952544992559 0.000625364950582 0.000696925888649 0.000432253993874 0.00105927159673 0.00168153362026 -4.07916485201e-05 -0.000621486090428 -0.000444905617897 -0.00115163937821 -0.00181860123364 -0.000812901363996 0.000320400962729 -0.000147199636054 0.000341625603333 3.63576832066e-05 0.000203555253314 6.31875303257e-05
53 48.3239682854 7.38902775646e-06 5.26306255632e-05 -8.31036508583e-05 0.000588529447252 -0.000182200475031 0.000783273693335 -0.000372466458847 -0.000326329703339 -0.000908685728064 0.000112780703698 -4.181065852e-05 0.000107186249033 -0.000701633812153 -0.000160691552716 -0.000636226590207 0.000980660012522 -0.000627636397304 0.000387019114705 -0.000961643210015 -0.000297923381558 0.000750228476938 -5.02031255973e-05 -0.000683741519362 -0.00016737320133 0.000624926980719 0.000149038656855 -0.000433362275277 5.49343365247e-05 -0.000757365058267 0.00100282856325 -0.000216870449499 0.000344632550287 -0.000317143561508 -0.00105975932567 0.000589048845379 -0.00127092795995 -0.000203511515027 0.000262501884428 0.000649249442849 0.00027655940272 -4.40630059271e-05 -0.000478533912989 -0.000131536937813 -3.38889789344e-05 -1.11717290339e-05 0.000286780711815 -0.000257653898624 -0.001085889888 -8.61156347076e-05 -0.000184881342404 8.73019786529e-05 0.000345927681668 -0.000417167465472 -0.00032968249625 -0.000206917416364 -0.000307223282903 -0.000347181903389 -2.24692651831e-05 0.000155352613907 0.000151192840414 -0.000590036395889 0.000123176492697 0.00114126704586 4.13472243e-05 -5.48820926025e-06 3.52740999236e-05 1.20475355323e-05 1.48325116867e-05 5.09528324192e-06
54 50.0555149103 -0.000669102160052 -0.000593263954061 0.000175644005164 0.000455312549775 0.000481147500954 -3.71043600075e-05 -0.000198185289448 -3.33909662731e-05 -0.000190472722582 6.48428712603e-05 -3.41772441966e-05 3.59914172329e-05 0.00227303866711 0.00244232450496 0.000769712704151 -1.14683156364e-06 -0.000180121996003 8.66917521743e-05 0.00149543982729 0.001231257858 -0.002548894125 -0.000119908557219 0.000379081077389 -6.77451762979e-05 0.00240009002034 0.00151850220661 0.000707660430491 -9.27465995779e-05 0.000120278514823 -0.000239842354796 -1.16671374375e-05 -0.000107151420322 5.3422604355e-05 -0.000601584491481 -0.000842313106989 -1.99500522301e-05 1.44894016218e-06 2.86787377351e-05 7.65255776341e-05 1.06059979318e-05 9.45669000582e-07 -3.09759522138e-05 1.89817500759e-05 -1.61997656417e-05 6.42593221189e-06 1.57496607393e-05 -0.00010507558055 -0.000143844679893 -2.73884696171e-06 -6.63612732687e-06 5.60412227697e-06 1.65138720013e-05 -1.74654117904e-05 -1.50064949134e-05 -9.26799208463e-06 -1.58802546651e-05 -2.06177864998e-05 -7.48574832484e-07 7.48619758891e-06 6.98820806169e-06 -4.38402658138e-05 -1.77093068584e-06 4.48526398403e-05 -1.23629790971e-05 -6.07687918561e-06 -1.59083418057e-05 -9.67131138834e-06 -2.46442938133e-07 -6.11263291673e-06
55 50.8680193643 4.69026018133e-06 -3.60492472857e-05 3.58498595099e-05 -0.000308505130595 0.000292389457084 -0.000256339308185 0.00102537653645 -0.0011440505156 -0.000174776239897 -0.00042984047019 0.000404594541801 -9.78763545778e-05 0.000181161070513 0.000160749239911 5.27681101225e-05 -0.000345285352589 0.000147721870139 -0.000125323696743 0.000225661565659 2.76785068338e-05 -0.000141180029074 1.55867957601e-05 0.000274844271453 2.07558394508e-05 -0.000189793141121 -0.000164429553638 4.37020742912e-05 1.45013169143e-05 0.000171838499797 -0.000293685930242 7.01494017859e-05 -0.000159276091314 0.000107745719547 0.00071794511052 -0.00017641386096 0.00118743198864 -0.00029621009959 0.000411919041839 0.000449751150255 0.000124575147917 -7.69189610197e-05 -0.000248994836278 -4.9467806375e-05 1.68875053832e-05 4.97400710033e-06 -0.000126701166898 0.000226757348975 -0.000427433036976 -2.6436764894e-05 -6.16559645634e-05 3.62909066818e-05 0.000134448127058 -0.000132078819852 -0.000110392835189 -7.6127147617e-05 -9.48842553322e-05 -0.000129329823776 -5.53906283482e-06 7.11710199482e-05 5.92200777856e-05 -0.000255505356121 8.08594637632e-05 0.000606987883071 1.9543088409e-05 -4.99590726401e-06 1.065678581e-05 5.47418329601e-06 -7.12920280854e-06 -1.80693201313e-06
56 53.0340836952 -1.21822198583e-05 -4.52476398798e-06 6.73111974471e-06 5.46262269114e-06 2.25555721293e-06 -6.33304578057e-07 -1.63948381812e-05 2.31362362459e-05 1.45153364915e-05 5.24858676415e-06 -8.19541411879e-06 1.60420825794e-06 2.55759810021e-05 9.50151129224e-05 -5.66082697978e-05 1.80438659084e-07 1.05854053634e-06 2.62693341973e-06 9.05823345441e-06 1.70961186753e-05 -2.04270332994e-05 -2.77641985301e-06 2.25445225754e-06 5.53449536687e-07 7.04801989049e-05 -1.67299355034e-05 -4.43069611639e-05 5.86601409006e-08 4.25234250942e-06 -4.11300180882e-06 3.14006492205e-07 -6.66113567903e-07 1.60490448461e-07 -1.13535535148e-05 -1.64882343171e-06 -1.65256215306e-05 9.65615760008e-06 4.23153892283e-06 -3.92244081332e-05 -5.15127311957e-05 -0.000252811831202 3.88285049338e-05 -0.000596474243057 0.00138950386387 -0.000512828405993 -3.9179890137e-05 -1.48325967255e-05 3.28617797547e-05 -1.90389823987e-05 -0.000148999715089 -1.01691415876e-05 4.61737002679e-05 -5.97318001169e-06 -3.14184481635e-05 -3.79973144053e-05 -2.18649248921e-05 -7.20298668287e-05 -5.61260923335e-06 5.17055780923e-05 3.37720923964e-05 0.000833186825432 0.000601189499024 0.000123710417644 0.000330781415628 -0.000306884920583 0.000394189498893 0.000109738396894 -0.000627563917911 -4.13619354913e-05
57 86.0066427548 3.65904107799e-08 4.6735671375e-08 -1.27902524977e-07 1.82121390691e-07 -7.88376833764e-07 1.03477516995e-06 -4.37845068126e-08 1.250409936e-07 -1.92594605328e-07 -4.76731073921e-08 3.22835531599e-08 7.44542413785e-08 -6.96873343189e-07 -1.66872568891e-08 -2.03427909778e-07 -0.000109397492533 -9.61592770875e-05 4.65146381777e-05 1.48082983157e-07 1.57973385989e-07 4.72656047704e-07 7.6331997483e-05 4.4953273032e-05 0.000124091229901 -1.5737849421e-07 -5.42901332005e-08 -5.43763634304e-07 9.6525778379e-05 -7.85289342292e-05 -8.71803120504e-05 -5.76644613326e-06 1.17513554613e-05 -7.55694113187e-06 3.31161286478e-06 -2.61733555478e-06 -4.21723295613e-06 -1.27825769996e-07 -2.62886509194e-07 -1.8819758376e-06 7.98426903723e-06 7.59644956482e-06 1.78135964828e-05 -1.66336600983e-06 -2.04206069325e-06 -1.23013944278e-06 5.62321921966e-06 -3.63310245621e-06 -3.06464003154e-07 -0.000692221888968 -0.000549763169335 0.00214392147802 0.00204040036242 0.00110746467187 0.00019128247827 -0.00155006084166 0.00150568338536 -0.000864433115189 1.7995501498e-05 -0.000186226335287 -0.000132500987106 -9.99633516222e-05 8.64802743545e-05 -6.9956632315e-05 4.51490997597e-07 2.59188137384e-08 4.13032903977e-07 1.46493678704e-07 5.59089089716e-07 1.28243018429e-07
58 86.0110094121 -7.05503277178e-07 -1.33367905111e-06 9.57557184214e-07 -1.66597650099e-06 1.08354820029e-05 -1.73123762586e-05 1.3493159719e-06 -6.86686235443e-07 1.71335852786e-06 -2.079408305e-07 1.83077843538e-07 -1.07484495111e-07 2.94750570109e-07 -5.49917995934e-07 -1.14019155177e-07 0.0016679493665 0.00146650276451 -0.000709688138159 1.67335752279e-06 1.23050204003e-06 -9.0518272524e-08 -0.00116283862971 -0.000684499331402 -0.00189038514029 3.68419585237e-07 -4.00286597314e-06 3.04864561125e-06 -0.00147543460977 0.00120056639027 0.00133136633785 8.81420378201e-05 -0.000179483244601 0.000115004179131 -6.45493755132e-05 5.15896586213e-05 7.79157375714e-05 -3.34261413153e-07 1.33636871663e-07 -4.56967273387e-07 5.24571394938e-07 4.60147902008e-07 1.16318580681e-06 -1.25238882011e-07 -1.17147164208e-07 -6.30731106047e-09 1.74836185557e-06 -1.25155709587e-06 2.1357569692e-06 -4.53983804369e-05 -3.60360250454e-05 0.000140594947939 0.000133828007755 7.26629235146e-05 1.25638892451e-05 -0.000101412136748 9.85284077413e-05 -5.65338141877e-05 1.16081469369e-06 -1.21975575829e-05 -8.70190117902e-06 -6.67580552806e-06 5.79647006195e-06 -4.54813644069e-06 1.64711781142e-07 1.03790887242e-07 -3.43941230936e-07 2.92206013459e-08 3.98277977809e-08 -4.16637425105e-08
59 88.3604678506 6.45654732307e-06 5.57928658716e-07 -4.98122904709e-06 -0.000203985801848 0.000173807821685 0.000220719178494 4.27428550692e-06 -1.09515684151e-05 -1.06113601771e-05 -2.05466137493e-07 2.04067795313e-06 1.886404268e-06 4.64037637788e-05 3.77446037293e-06 -3.2314844849e-05 0.000134988011025 0.000130297196413 -7.12142165622e-05 -5.64306533492e-06 -1.0655440446e-05 2.36283709313e-05 -9.89053753797e-05 -4.44371402843e-05 -0.000169751388734 -2.04795380903e-05 2.53119352018e-06 -9.22360132519e-06 0.000146553588515 -0.000129261690405 -0.000114116426635 -8.75931068305e-06 -4.44436157276e-06 2.90127044808e-05 0.00222464851067 -0.0018993328003 -0.00243014951347 -1.90189848023e-06 8.66315201012e-07 -1.02267696666e-07 4.65712771399e-06 -4.42840343112e-06 2.75211531044e-06 -2.85412249961e-07 1.17264613578e-07 2.51285465312e-08 -7.7363816737e-06 8.30205896208e-06 -4.29378288097e-06 1.33667049761e-06 9.39904973315e-07 -4.53448894977e-06 -2.85582827418e-06 -1.70236192765e-06 -4.87762766677e-07 -3.94886711576e-06 4.20291750581e-06 -1.88584010646e-06 3.66534867666e-07 -9.21158897248e-08 5.92529419313e-07 -5.04188389667e-05 4.76178965384e-05 -3.12571296484e-05 1.39952082813e-07 -5.50711980138e-08 -1.04372245443e-07 9.34147421245e-08 7.87225941828e-08 -9.81898060797e-08
60 88.4602475206 -3.3807230708e-07 3.55409544754e-07 1.71489950313e-07 3.95800997897e-06 -3.59219436448e-06 -4.45429167154e-06 -7.07260834082e-07 -2.68055014212e-07 2.70922554998e-06 1.24248221388e-07 -1.35700811851e-07 9.34571288609e-08 1.48296034706e-06 -5.16954680048e-07 -2.11830135871e-07 -1.77825271322e-06 -1.81983048483e-06 1.06063664323e-06 -5.64759082897e-07 -1.79872089939e-09 -1.4115083454e-06 1.0090021573e-06 2.10566009461e-07 1.73965033606e-06 1.37954766371e-06 -1.55694867205e-06 2.30787987255e-06 -5.75693289008e-07 8.03892169924e-07 3.48703642463e-07 -1.5614150952e-08 2.3250541329e-07 -2.29181055642e-07 -4.48771758274e-05 3.83357789723e-05 4.882388862e-05 7.17826111242e-07 4.98170014282e-06 -6.38879554551e-06 0.000226805349355 -0.000219068314898 0.000143053742998 -1.29704651391e-05 6.51343434007e-06 -5.81990655141e-06 -2.34545464825e-05 2.67829852174e-05 -3.11335011057e-05 6.73666945624e-05 4.34156072628e-05 -0.000231144956483 -0.000170136947487 -0.000102718751601 -3.0610364033e-05 -0.000133718225261 0.000145436474795 -6.23859000287e-05 1.51573511549e-05 2.48531104778e-06 2.7930308099e-05 -0.00250720386257 0.00237200883844 -0.00158468209313 -6.30520143252e-07 -2.33185171048e-06 1.22886392421e-06 2.93648218898e-06 -5.64544738908e-07 5.12549153264e-07
61 89.3849048774 9.9127419182e-07 -5.74087169319e-07 4.8379376611e-07 -4.12991042806e-06 -9.74593727935e-06 -9.75494014564e-06 -4.73104312211e-07 3.24679489256e-06 2.0241616374e-07 1.57064171487e-07 -1.82646487397e-07 -2.76984360041e-08 6.37293758521e-07 -2.40348877489e-06 -2.20699026033e-06 -0.00164506911901 -0.00138736955839 0.00060864661114 4.33943900058e-06 3.90703431673e-06 4.16233142252e-06 -0.0014568155578 -0.000951355019829 -0.00233948387226 3.29178500609e-06 -6.53853466459e-06 5.80219592904e-06 0.000372973790124 -0.000374297873483 -0.000427438094538 0.000234671736576 0.000233066859568 0.000185397770078 -3.7490656608e-05 3.24685830826e-05 5.55681540974e-05 1.67007364294e-07 -3.90992983721e-07 -5.99833636385e-07 -2.40416295601e-07 4.35464670935e-07 -2.98616992888e-07 -1.77188441097e-08 -3.19984986815e-08 2.25622721339e-08 -1.60378281194e-06 1.07564839653e-06 -4.24864489632e-07 1.7025166996e-05 1.52550056981e-05 -5.19556638424e-05 2.58312093025e-05 1.39481050592e-05 9.84808175697e-07 -1.78148136663e-05 1.78708152682e-05 -1.16007722055e-05 -2.14862800611e-06 -4.05396779876e-06 5.37294433253e-06 3.28126200561e-06 -2.93323951353e-06 2.37120469427e-06 -1.55702550636e-09 6.24291085699e-10 8.6980637001e-08 1.98477983683e-09 2.46891145269e-08 8.87303100772e-09
62 89.3968461525 -2.07418547954e-08 3.72169347168e-08 -3.91423498927e-08 1.99477349917e-07 9.34072815067e-08 4.98690139733e-08 -4.61482255499e-08 3.46077282949e-07 6.41472098858e-08 2.8560018575e-09 -6.46511929036e-08 -2.58960205175e-09 -1.77895193331e-07 3.95598468949e-07 1.59312194829e-08 3.55265952535e-05 2.97932284461e-05 -1.33603953934e-05 -1.15567017972e-07 -4.06101833368e-08 -2.71136763865e-07 2.60078259691e-05 1.68750240352e-05 4.13217181621e-05 2.52511305151e-07 -1.60445997526e-07 1.99012997267e-08 -1.09964662707e-06 2.49088549084e-06 2.47798736217e-06 -5.19524393775e-06 -4.21806640265e-06 -2.61103193129e-06 -3.6485637693e-07 3.11506129848e-07 2.23595777842e-07 -7.03294438834e-07 -3.10349408675e-06 -8.02256268144e-07 -6.53985285096e-06 1.68677279574e-05 -1.48520434074e-05 -2.92478004913e-07 6.40939892264e-07 1.066495579e-06 8.2007285122e-06 -5.44512870246e-06 6.13636227531e-06 0.000915096549371 0.000817203495176 -0.00278544148755 0.00144988379398 0.000779572947032 5.5853523523e-05 -0.000892634875017 0.000902457373419 -0.000588591896364 -0.000126358326286 -0.000214851104694 0.00028488751337 0.000117743953307 -0.000101027089096 9.02059283443e-05 7.34547117422e-08 -4.69445805562e-08 6.95848655281e-08 -1.44309482478e-07 -9.38538286763e-08 8.46270514923e-08
63 89.4322615483 1.5044145899e-06 -4.89987528875e-07 -6.71333883469e-08 -2.43460586815e-05 1.46783873377e-05 2.56051021292e-05 5.9028690674e-07 -1.47229943187e-06 -9.98853356432e-07 -2.94299852839e-08 2.23070456456e-07 1.51782816268e-07 8.71387764627e-06 -2.4585107349e-06 -7.18306659359e-06 -0.0015234790868 -0.00122546440995 0.000642487651443 4.18340866931e-07 6.61111956771e-07 4.93711803584e-06 0.000378054108309 0.000284076714135 0.00074781781944 1.19636980356e-06 -5.43849054145e-06 3.78347866951e-06 -0.00187897672478 0.00145853217398 0.00177265363898 0.000260101239498 -4.48318669477e-05 -0.000270914156089 0.000179809634806 -0.000134847581688 -0.000229746369906 -6.40079156934e-07 5.72140961184e-07 3.91078503984e-08 1.39583948191e-06 -9.20322304483e-07 7.01242658194e-07 -1.358948937e-07 1.71753806198e-07 -1.25936655331e-08 4.29704891393e-06 -4.26479330865e-06 2.08862761758e-06 4.33495862081e-06 7.79837601833e-07 -3.22285062018e-06 0.00010383657028 5.1745343574e-05 8.47095372596e-06 7.73292034951e-05 -7.00958158081e-05 4.41386808459e-05 -1.59207204215e-05 1.52576446022e-06 -4.22778310827e-06 -1.06639748575e-05 8.77666665095e-06 -7.44456554295e-06 9.34958537541e-08 1.03362428818e-07 -2.32156800789e-07 3.20260246904e-08 -4.62205754929e-08 3.79418134612e-09
64 89.447491947 -7.00216605211e-09 4.08625506988e-08 3.88036646141e-08 -1.00875717156e-06 6.26074671233e-07 1.07033523234e-06 7.91819318342e-08 -2.39577182094e-08 -2.43416365942e-07 3.34800544354e-08 3.2365420974e-08 2.9417017644e-08 8.7658825132e-07 -4.44247574155e-07 -9.1794674961e-07 -6.53851495047e-05 -5.25156803132e-05 2.76215129475e-05 -4.87463955021e-08 1.287619158e-07 2.78292238084e-07 1.7293561446e-05 1.29419060272e-05 3.39507951202e-05 5.24269244101e-08 -4.3177010678e-07 3.3749458067e-07 -8.23156224996e-05 6.39485671652e-05 7.76860382555e-05 1.12118629978e-05 -2.11108379596e-06 -1.19253322468e-05 7.29111105494e-06 -5.44664801004e-06 -9.49831170641e-06 -2.59840805661e-07 -2.46256402556e-08 2.2891990592e-07 -2.61003108679e-05 1.63760155695e-05 -1.38559244374e-05 2.2534019609e-06 -2.12194931719e-06 -7.45627629664e-07 7.11295687817e-06 -6.93955892217e-06 7.39034311592e-06 -3.19372131058e-05 4.23693451479e-05 -0.000134388517267 -0.00228121744187 -0.00113296705739 -0.000191359427663 -0.0018385380898 0.00167239371319 -0.00105568288304 0.000356300413571 -5.00718721439e-05 0.000118376898603 0.000190484900013 -0.000151105837432 0.00014112672483 -6.07637527634e-08 -4.79183657772e-08 -3.21180582281e-07 -2.24678407926e-07 1.81153263502e-07 1.81530705768e-09
65 97.2877723195 0.000104329457722 0.000142687166839 -2.4721263011e-05 -1.05168951325e-05 -8.42071718514e-06 4.61972717744e-06 1.32867713457e-06 4.62784078018e-07 9.39255000562e-07 -4.45694746545e-07 1.93133655582e-07 -3.32581444821e-07 -0.000940221203677 0.000715925974283 0.000889943386351 -6.12701106805e-07 8.35846558334e-07 -5.32572465111e-07 -0.00126041615167 -0.00105991380411 -0.00181205648154 -2.68451921484e-07 -8.03526734955e-07 -4.48515710239e-07 0.000837614860139 -0.00151768313396 0.00126871564369 -1.23395648657e-07 -5.04358910545e-07 6.58781006361e-07 8.71036248743e-08 2.10336977694e-07 -9.42569153217e-08 1.93794060279e-05 -5.26494788402e-06 -1.70777944055e-05 -1.28238553989e-06 6.00536071379e-07 -9.83783099543e-07 1.73201628132e-08 3.81432951634e-08 -8.71204049328e-08 -6.07570834299e-07 -1.77824700222e-07 -3.79199912316e-07 1.45094167739e-05 -9.4120282645e-06 1.01370478996e-05 -1.90785058889e-07 -1.3085443139e-07 4.90215281998e-07 -9.11710498001e-08 -2.13302652152e-08 1.23617395327e-07 -1.00369679233e-07 1.50187354338e-08 1.21191731561e-07 3.80608257802e-08 1.26569925657e-08 -6.56661417486e-08 5.23601333042e-07 -8.00836893224e-07 9.05856994303e-07 1.21794621216e-06 -1.87082039038e-06 -2.31135368615e-06 5.2744830086e-08 4.48016386604e-07 -3.76735806758e-08
66 99.1041579803 -2.28060265684e-06 3.38008919482e-06 -3.94141442154e-07 1.57869464188e-06 -1.62862366174e-06 -7.46121099723e-07 -9.14385404184e-06 1.09818023257e-05 8.32259042158e-07 5.00451262889e-07 3.32484819874e-07 1.82489688614e-06 1.34126806549e-05 -1.16939692963e-05 -1.70726644858e-05 -1.21427293838e-06 -2.52677107376e-07 5.4036211266e-07 -4.08814803634e-06 -2.73334633407e-06 -5.1897259413e-06 7.42002138673e-07 6.89468074688e-07 1.60227690739e-06 1.5748991228e-05 -3.05868372688e-05 2.35071402056e-05 -3.52899900472e-06 4.15408939127e-06 4.91130936753e-06 2.68668461112e-07 -2.57587972836e-07 -6.77068730651e-07 -4.08242477284e-06 2.80469819944e-06 1.60444798723e-06 0.000188073937732 -0.0001515206728 9.58255168154e-05 -3.08860849418e-06 6.35712849893e-06 -5.09614817225e-06 -1.3320960749e-06 -2.78647568444e-07 8.32552005506e-07 -0.00250138300781 0.00195155911226 -0.00132400341513 1.58836015406e-07 1.55799933021e-06 -1.00541872898e-06 7.57861869649e-07 1.89577900337e-06 5.92514742969e-07 -7.760774328e-06 6.62927722633e-06 -4.39343303181e-06 3.66768377972e-07 -1.4686418585e-06 8.27204680296e-07 2.80052835682e-05 -1.64932418309e-05 -2.73850833796e-06 7.51750338051e-08 -1.41300629462e-06 1.01107339991e-06 4.77748930262e-07 3.0567080568e-07 -9.34760600532e-08
67 100.331290268 0.000185911756621 -0.000101849747495 0.000198195640461 -5.30970313578e-06 2.64040647267e-06 -5.74769486412e-06 -7.98798125371e-07 -5.53444133966e-07 1.12484229823e-06 -2.12573165077e-07 -3.02828018455e-07 1.11402588317e-07 -0.000461044728401 0.000360658404925 0.000382772339911 -4.61022565021e-06 -3.17317203644e-06 1.53026939193e-06 -0.0009881268107 -0.000777551032008 -0.00144889944592 -2.66596804063e-06 -1.29610091291e-06 -4.61758718236e-06 -0.00109726271122 0.00183673653425 -0.00159189604205 -3.09161963977e-06 2.64473461325e-06 2.1300026757e-06 2.63664176861e-06 6.20769164866e-07 1.73075179661e-08 4.85467975609e-07 -3.59669278854e-06 5.487727738e-07 1.87270677e-06 -1.59457827309e-06 8.87029394322e-07 1.09627424106e-07 -1.13460488897e-07 5.03698083701e-09 -6.10764158294e-07 4.77185902229e-07 -9.64444191483e-07 -2.51251540254e-05 1.86727627928e-05 -1.3027378641e-05 -4.73645460948e-08 1.41732458797e-07 -1.40252569073e-07 -1.37309450553e-07 6.48993453593e-08 -2.97485974901e-08 -4.51412760025e-07 3.58177022165e-07 -2.74547421327e-07 5.61712653925e-08 -5.38533198843e-08 4.86137074396e-08 -5.48123307201e-07 1.34274837859e-06 -3.07550752946e-07 5.47880548004e-07 -7.85002026863e-07 -3.6138382047e-07 9.16315162111e-07 -1.02332903409e-06 -1.54473444203e-06
68 101.062828566 -8.99351751752e-05 0.00017099645831 0.000201240448508 3.08590435003e-06 -3.7478997105e-06 -5.83132740294e-06 -4.73995508473e-07 -7.82885468469e-07 6.0359471946e-07 4.20556169495e-08 9.23805592461e-08 3.84826719876e-08 0.00183129893734 -0.00151825230638 -0.00180488735908 1.32762075156e-06 8.14403649518e-07 -2.64282607035e-07 -0.000725168577274 -0.000635026588658 -0.00111672247289 3.65910235086e-07 -4.16250972381e-07 -2.32383888949e-07 0.000132846101523 -0.000239986940468 0.000149362430834 1.80451301766e-06 -1.81298904233e-06 -2.25273452701e-06 -8.13174230934e-07 -5.10465909715e-09 3.39234975465e-07 8.27326533316e-07 2.50102098967e-05 8.73464510497e-06 -1.75291552883e-06 1.18775524323e-06 -6.91487607935e-07 -2.9229082278e-07 1.69865150845e-08 -1.24239702209e-07 1.51501148884e-06 -3.3507253028e-07 1.67961834735e-06 2.28886946178e-05 -1.46869475386e-05 9.57047429385e-06 9.58787649672e-08 3.91238567493e-09 4.37176399164e-07 7.32133719008e-07 3.71189660805e-07 1.29170523059e-07 4.5957756362e-07 3.28054599015e-08 3.10490828098e-07 -1.18456633641e-07 -3.05124127799e-08 -8.10449065745e-08 1.36730184919e-06 -1.21053915365e-06 7.60248404815e-07 -1.09661685457e-06 2.04706038571e-06 2.03597164965e-06 -7.94521291144e-07 1.05539827584e-06 -1.51175777518e-06
