-5.955160794751735e-17
-2.5737088052772617e-17
1.0820921720508892e-17
3.4020308861581875e-17
1.4257816743160258e-16
1.7007824274849372e-16
0.01820112633743756
0.030716322858244476
0.036669874015148984
0.03841388249486151
0.04160092344161364
0.04695905025170217
0.052174434265176144
0.0605127710782679
0.063210098792645
0.06589776914345175
0.07129047278840508
0.07644490506236529
0.08113210970568172
0.08368448898109418
0.08551034106983516
0.09794916526218388
0.10688826096348963
0.11652993884676098
0.12349973598506499
0.13018826348945559
0.14052461025735646
0.145012849081258
0.14698745225800558
0.15333499075489504
0.15744922503897046
0.16861428121690292
0.17837919142021036
0.18456071398959775
0.22092639800508507
0.2363860923212182
0.24635429541293244
0.2911465029830496
0.3094290377148866
0.35254991623903553
0.42447858108501524
0.4850713181911747
0.5049239509993011
0.5355785500379359
0.557297229598584
0.6067821255696008
0.6399759609479182
0.696530461804108
0.7289516827644333
0.8045414431465732
0.8810729228615471
0.8857354010992164
1.0076982091195288
1.0142733165470157
1.1007228691470792
1.2064467440383533
1.4475770368342589
1.570254534072079
1.6037779894764819
1.7581246043019738
1.7804324304822887
1.8656109456785073
1.93845403740414
1.9648926570397702
2.0132777706216265
2.1017156188336688
2.2094134952253115
2.2928929021814466
2.738162299497682
